100
48 93 10 78 46 55 62 54 7 89 35 31 30 34 53 71 50 91 29 47 95 26 36 11 48 42 39 12 3 37 6 84 32 38 22 66 64 2 67 99 40 90 8 88 13 80 69 24 27
58 32 26 69 5 48 19 24 27 53 33 98 68 77 43 13 47 81 99 8 64 66 78 91 52 86 80 65 38 74 63 83 75 59 50 7 22 93 76 84 10 92 87 15 72 37 94 2 11 17 55 44 34 16 61 96 88 71 3
56 21 9 91 87 71 60 52 99 30 62 65 93 96 58 45 53 37 75 88 32 12 55 44 36 13 97 86 73 47 5 61 66 6 78 50 25 0 18 41 4 1 28 22 16 77 80 46 33 98 19 57 34 69 14 8 20
47 84 5 56 63 19 67 85 50 32 43 58 12 62 14 64 36 65 89 15 0 78 51 16 11 91 81 33 45 44 4 9 39 41 7 87 57 31 54 69 55 98 97 1 82 96 86 28
50 90 84 69 58 36 7 55 21 77 73 10 11 80 22 20 93 60 67 27 52 40 31 18 61 57 76 92 87 71 9 99 97 12 3 88 85 56 2 86 82 89 8 96 15 14 64 43 74 30 45
43 3 86 1 80 22 52 45 29 46 35 6 56 95 47 89 83 7 77 44 20 28 2 55 25 78 62 23 79 61 98 54 76 82 43 26 10 9 64 73 40 12 11 34
57 32 57 81 44 11 61 15 63 39 21 26 78 5 70 54 42 47 50 72 49 27 13 17 43 41 79 75 18 9 98 30 34 71 0 53 31 45 51 28 52 12 2 48 76 86 77 38 40 84 94 60 89 67 33 24 82 83
46 65 31 37 4 25 0 18 73 45 99 77 78 26 70 54 64 16 9 88 89 87 5 35 49 93 71 59 56 1 62 69 90 85 24 38 21 13 3 48 86 41 12 36 67 55 10
50 77 38 69 55 21 51 93 18 1 63 96 66 11 74 73 88 57 36 44 62 19 42 13 52 48 12 97 34 50 0 75 29 39 92 98 31 45 4 59 46 43 54 2 14 35 79 91 70 85 28
54 55 44 74 56 2 14 86 41 70 96 80 82 10 90 13 77 11 95 38 7 6 45 43 94 66 75 18 88 72 37 4 65 58 78 3 61 60 89 57 31 48 47 98 5 50 97 54 21 23 32 28 24 64 81
48 30 92 0 76 28 93 26 94 34 87 72 4 60 41 16 69 96 9 81 83 74 55 44 80 78 13 29 50 65 48 57 1 25 19 52 73 86 33 70 23 5 12 43 64 82 84 36 7
52 91 20 40 6 52 78 64 77 4 18 43 71 89 37 0 79 9 8 32 96 70 69 26 48 21 84 90 61 3 63 47 24 51 22 87 19 1 94 13 42 50 46 12 30 49 25 15 60 5 55 86 93
59 14 67 21 79 45 66 61 98 68 86 50 85 3 55 90 15 72 22 24 58 89 0 48 42 31 52 2 64 41 87 4 44 6 54 96 8 37 51 49 93 18 11 65 10 34 57 46 7 63 84 13 80 5 60 95 62 30 26 75
54 86 28 63 54 76 1 27 45 64 85 56 31 14 80 9 6 26 22 32 19 79 30 10 90 74 2 97 16 72 81 8 88 20 23 47 7 35 68 87 84 92 15 40 11 0 98 36 46 69 12 24 61 52 58
48 12 69 52 9 64 34 47 76 58 98 96 3 93 38 90 22 48 13 95 74 85 32 36 25 60 79 97 24 88 68 83 62 73 35 56 33 91 20 45 2 31 4 8 50 41 67 42 63
47 37 6 99 94 19 35 91 46 12 88 79 33 20 3 70 96 62 36 34 30 45 27 66 32 92 1 80 93 13 95 98 85 24 17 65 48 11 4 22 58 73 50 87 89 26 63 69
42 17 70 24 43 88 90 44 56 81 10 7 36 34 37 83 80 46 18 27 25 93 72 53 3 98 79 13 61 99 51 82 73 97 59 2 52 1 86 28 38 91 39
45 16 97 63 91 80 64 95 35 44 77 46 62 57 86 56 31 41 19 89 68 20 6 39 65 76 84 70 96 18 90 33 78 55 40 99 85 1 21 74 15 26 88 82 52 45
56 28 69 25 80 23 53 7 96 37 29 79 68 42 22 93 8 72 11 65 98 91 70 81 21 16 6 4 63 32 85 59 49 92 9 67 30 62 74 17 64 40 66 2 35 54 57 76 12 52 34 77 31 61 83 45 84
51 82 59 92 64 89 61 99 1 3 97 32 68 15 95 91 90 49 17 37 23 62 65 22 13 74 96 80 27 88 54 8 55 30 72 42 10 34 69 25 76 11 63 33 57 2 39 60 77 51 53 84
40 63 11 62 25 75 74 38 80 99 83 4 46 72 17 15 81 49 52 48 5 66 65 60 97 90 13 40 78 42 57 88 93 28 14 76 64 35 27 33 2
55 2 12 48 29 74 47 99 63 6 4 8 79 83 84 86 96 76 37 97 61 73 36 35 18 67 77 58 75 11 82 51 78 88 95 7 34 42 32 17 62 90 27 89 65 70 9 43 24 53 40 26 41 44 30 92
58 31 37 95 93 92 5 64 59 26 78 18 4 54 14 85 73 12 83 35 13 90 19 84 32 60 62 74 82 67 33 43 77 1 86 56 57 68 87 0 91 28 11 36 53 49 52 99 63 2 47 65 55 41 39 72 94 15 58
40 53 75 25 43 18 34 38 55 27 31 24 81 93 19 39 90 41 56 37 28 49 83 80 13 69 59 5 10 71 63 92 9 94 74 45 85 88 77 51 40
50 54 39 66 27 31 59 16 1 60 23 94 12 64 71 87 93 56 98 58 84 42 11 83 57 7 14 44 86 85 82 77 69 95 34 40 15 97 43 35 0 76 13 61 21 9 48 51 78 80 6
48 23 18 28 33 97 40 99 61 7 20 51 86 48 50 91 49 43 27 72 30 89 95 45 16 39 82 31 14 88 77 36 75 57 26 10 65 35 5 2 63 34 19 96 83 11 93 37 62
54 1 37 53 67 45 10 86 6 22 36 7 35 69 28 76 61 96 39 0 13 87 49 91 11 56 85 51 29 74 73 62 32 38 25 55 90 48 66 54 27 70 40 68 5 77 17 98 71 80 21 34 12 15 78
48 82 76 71 24 90 1 84 30 64 13 61 23 99 25 62 6 4 57 98 93 54 63 46 96 83 16 52 32 47 19 67 53 15 29 28 77 43 60 85 26 44 21 75 65 97 33 0 20
52 37 98 18 25 13 10 78 34 73 90 35 75 53 26 54 68 40 31 48 93 72 44 84 51 32 52 62 23 57 5 89 6 27 22 58 30 83 96 2 55 20 99 95 63 61 9 16 46 38 86 3 8
41 62 40 21 86 18 5 38 59 71 58 0 42 84 34 91 55 76 74 63 10 26 72 31 80 73 27 88 30 61 49 8 69 83 94 47 43 85 89 53 52 92
56 10 65 33 44 73 71 90 78 27 70 69 49 36 0 38 83 2 39 84 93 56 66 25 64 34 37 6 13 81 99 15 18 40 19 29 61 35 32 57 42 86 55 28 87 51 74 11 53 75 96 4 43 12 21 82 41
58 22 94 24 7 35 66 72 95 64 92 0 69 53 86 93 50 23 13 65 17 28 96 76 83 74 34 89 4 42 36 12 79 25 70 6 29 56 61 62 97 73 32 9 41 3 84 59 51 8 33 98 60 18 14 43 90 37 54
48 6 1 81 52 79 19 73 3 48 69 49 86 41 34 66 59 37 44 11 57 14 13 22 18 27 46 28 94 2 65 82 0 26 60 31 78 15 50 55 96 30 68 61 21 91 62 90 9
49 84 48 30 25 37 1 69 65 38 87 70 50 64 40 73 15 59 47 36 86 90 79 42 80 51 22 61 35 52 3 17 99 83 14 19 10 74 2 88 41 31 98 27 68 76 6 20 78 45
52 64 79 23 39 14 48 10 97 50 28 95 59 0 99 63 32 16 71 29 54 31 30 46 6 65 93 15 35 90 92 19 36 25 89 8 69 21 96 24 66 75 18 12 85 2 1 98 40 61 49 26 5
48 78 39 45 31 44 58 91 0 17 97 28 15 26 5 48 22 46 21 68 80 7 57 94 33 70 95 34 54 67 25 30 55 13 18 14 52 71 83 24 75 84 53 20 62 90 8 85 43
45 66 41 71 4 74 57 30 26 52 47 93 50 16 3 0 80 21 60 33 14 31 59 15 8 25 2 79 70 68 34 22 72 78 55 94 13 85 10 7 42 87 69 39 64 95
50 28 89 22 15 94 26 49 7 95 33 97 99 52 86 47 18 58 67 43 41 81 82 59 19 32 21 11 78 16 30 0 87 2 77 23 62 38 9 83 48 72 75 12 1 39 80 25 31 70 84
46 8 84 63 64 79 85 82 74 33 57 41 20 23 30 52 29 14 9 60 94 45 1 42 37 47 73 67 99 92 26 0 91 97 7 90 50 69 6 68 40 88 16 61 93 46 28
41 53 24 35 68 89 34 6 65 62 30 81 26 23 17 70 0 73 82 25 79 67 52 66 76 85 92 3 61 87 75 8 47 37 19 22 74 16 36 46 72 69
53 11 29 70 25 90 51 41 73 28 84 33 56 57 52 4 94 93 92 46 50 88 30 62 58 17 48 96 80 18 47 20 13 0 45 54 26 60 75 82 24 6 42 78 34 64 99 5 38 87 59 21 95 23
49 36 54 96 38 37 9 55 40 81 70 10 32 17 92 97 58 6 91 85 23 61 50 12 76 46 68 47 73 63 3 2 90 99 42 31 45 53 7 82 33 22 95 75 48 14 69 21 72 30
39 44 98 18 90 70 67 6 66 29 69 0 73 65 82 38 31 12 33 24 49 62 60 19 8 54 87 64 30 21 20 11 63 41 48 40 56 36 72 14
48 23 16 75 1 87 37 44 3 86 48 25 11 47 55 81 6 56 90 63 72 9 22 65 54 57 76 77 70 64 78 27 96 79 71 5 85 10 24 82 21 8 4 29 67 31 30 53 35
47 75 97 42 9 62 6 30 35 83 17 16 43 53 65 50 59 10 80 32 54 98 28 56 5 89 46 8 2 69 51 3 12 24 49 77 72 45 79 27 1 73 57 55 85 21 86 94
55 88 70 90 66 60 12 35 7 26 65 5 67 13 57 99 64 55 89 50 56 25 77 97 95 38 78 87 53 58 2 9 85 75 94 63 6 15 3 81 52 84 44 40 92 41 8 14 62 23 74 4 72 18 17 33
49 94 88 89 50 47 72 82 0 77 63 76 57 5 17 20 15 85 35 16 27 34 79 55 32 75 40 44 61 98 51 58 49 41 92 11 71 83 2 90 12 54 95 8 13 52 39 28 97 38
46 51 46 14 21 80 37 1 50 76 87 48 6 0 94 36 43 59 5 62 71 74 33 57 72 27 92 38 11 84 81 2 97 41 13 40 56 39 22 9 86 77 29 83 53 88 90
53 33 73 21 1 34 89 25 64 32 43 60 47 14 35 74 28 0 87 52 12 50 11 10 20 78 93 83 37 81 40 68 77 8 26 62 91 6 58 53 9 56 7 54 49 42 15 66 61 41 24 55 70 59
45 56 91 68 37 61 52 53 54 67 30 90 32 82 25 19 99 69 6 75 7 26 59 20 18 23 51 64 79 42 46 85 76 58 44 12 87 65 29 22 48 74 11 66 62 34
49 60 46 3 34 91 47 25 12 62 33 68 56 31 76 0 6 44 36 90 74 45 77 48 92 98 94 10 1 40 41 32 64 2 86 53 80 58 8 82 38 11 96 9 81 79 15 78 14 97
42 65 47 82 78 85 79 86 25 8 62 54 40 88 68 57 28 3 33 26 21 49 46 6 16 44 11 12 70 89 80 66 53 30 69 31 19 59 24 99 74 23 96
59 14 66 32 88 11 49 37 98 5 60 57 61 2 87 38 36 62 4 1 85 48 40 27 71 80 12 28 20 33 39 6 82 95 8 83 45 10 64 86 22 35 94 58 92 18 16 65 91 72 77 17 74 46 67 29 97 90 81 13
50 23 39 71 93 26 18 1 49 94 92 76 28 56 0 31 44 97 45 2 98 77 58 16 74 6 83 27 61 50 96 80 59 22 48 68 51 41 89 30 69 75 35 64 21 55 99 29 47 19 43
48 24 91 41 0 13 64 49 51 7 22 28 6 84 34 27 78 44 92 93 55 95 74 60 43 19 35 42 12 26 80 72 18 77 63 40 5 94 96 48 3 9 76 46 8 71 59 89 31
51 9 62 8 0 78 79 4 85 23 96 41 88 12 63 45 76 43 10 29 46 61 54 89 2 93 91 19 26 17 58 32 5 75 35 74 67 30 36 99 28 1 86 3 22 44 53 72 11 7 92 48
48 60 61 57 49 9 3 65 82 53 75 79 16 50 13 17 5 91 30 40 45 43 68 86 44 89 26 24 63 23 77 7 87 95 31 22 85 64 76 4 14 59 48 47 93 80 42 99 84
54 6 95 56 73 58 80 38 52 75 36 88 46 85 45 17 64 51 27 69 99 76 40 32 47 83 35 4 98 91 8 59 43 10 28 24 25 22 96 61 81 30 82 9 18 19 3 67 20 12 2 44 65 78 68
44 63 72 88 70 57 4 35 37 14 86 79 3 94 95 92 29 98 41 12 69 65 2 45 21 80 53 24 40 9 46 55 83 49 48 50 28 71 52 73 96 15 22 59 13
51 69 19 97 63 81 24 22 85 74 34 29 96 37 32 67 44 84 47 33 62 49 18 36 1 88 7 57 73 23 53 95 98 56 16 60 75 31 71 99 8 80 77 51 58 40 64 76 54 66 82 48
48 56 99 50 98 70 45 2 52 65 24 78 10 82 62 79 48 4 85 72 89 38 80 36 76 22 64 14 54 42 20 32 92 94 75 71 9 27 91 40 59 74 31 11 67 19 6 77 12
52 56 19 73 6 49 25 12 70 88 52 27 86 65 94 26 71 21 66 79 4 97 55 78 41 90 33 11 46 31 16 64 57 53 95 2 62 30 9 32 39 29 5 1 34 28 24 48 18 67 38 83 13
55 29 55 97 66 44 72 20 0 71 51 74 68 81 50 3 39 17 60 89 2 27 94 52 85 19 47 59 22 15 28 37 18 65 8 7 26 40 42 31 61 98 48 14 5 91 92 32 21 82 49 45 67 35 12 25
46 38 20 79 58 17 59 90 6 13 3 21 81 46 82 72 34 8 67 55 96 27 43 1 18 78 97 56 29 85 45 11 75 41 25 99 19 54 22 42 23 77 12 28 83 14 15
59 86 34 19 38 14 65 11 22 75 17 54 31 27 82 48 69 3 13 7 76 45 70 1 33 57 74 71 24 87 30 60 12 49 94 61 96 80 18 43 50 56 0 42 52 83 72 92 98 5 10 20 40 4 53 89 85 59 36 9
51 51 7 30 64 90 33 39 56 45 60 78 61 81 31 79 2 18 44 96 87 17 3 42 19 1 73 58 95 84 34 68 32 10 43 62 98 9 72 20 75 25 71 49 99 12 22 21 27 15 52 57
42 90 36 24 45 52 62 86 12 83 31 92 73 72 70 81 42 97 32 80 30 61 1 8 85 9 20 39 99 15 0 2 82 26 18 51 34 49 79 77 48 74 59
43 12 96 26 3 97 49 37 86 45 42 99 4 63 59 68 87 98 82 21 93 88 22 18 27 38 39 35 95 0 55 57 76 91 60 62 7 78 43 6 14 74 61 52
36 39 49 95 1 12 19 62 71 18 50 28 87 17 51 94 67 85 56 35 65 93 22 80 36 48 76 14 41 32 13 53 26 38 73 33 57
54 95 59 14 8 1 18 4 33 79 85 30 88 31 26 32 64 78 10 84 49 42 99 74 83 57 58 11 77 44 7 97 86 72 19 80 23 87 34 24 38 73 29 51 71 3 0 2 53 13 41 36 70 15 39
49 45 16 60 58 78 40 61 30 7 41 33 9 42 6 74 66 90 64 76 72 83 93 18 39 15 96 11 17 31 86 35 36 43 79 77 88 75 51 94 26 10 21 85 87 81 8 69 37 48
46 89 81 27 88 53 36 30 2 83 62 68 0 29 85 80 11 91 90 61 34 64 47 24 87 72 52 6 97 7 4 93 92 60 65 58 43 46 74 69 23 35 59 84 26 1 54
55 91 85 58 88 62 46 98 94 31 76 10 74 66 20 18 63 70 60 12 6 25 78 28 71 47 89 16 43 81 79 73 29 9 13 84 69 65 19 93 37 1 36 97 44 54 64 22 42 52 87 55 41 45 39 99
45 48 57 61 30 94 7 66 78 32 4 28 97 77 40 33 22 21 84 42 39 8 65 85 72 38 26 92 29 2 59 31 41 14 16 10 88 69 58 75 44 76 5 74 15 68
60 89 84 76 83 9 21 36 88 38 59 99 20 72 62 94 70 48 64 50 10 69 14 87 31 47 8 93 1 29 22 19 13 97 98 54 96 53 18 79 26 81 55 92 80 33 71 30 60 49 17 73 91 66 23 4 67 45 39 52 51
51 23 44 84 43 64 20 57 92 28 56 94 99 6 93 49 90 1 46 86 21 77 2 9 89 45 96 25 65 80 63 37 60 55 70 8 39 76 40 34 85 59 73 27 30 35 98 53 41 95 83 12
52 27 79 74 10 96 89 72 13 14 47 53 46 90 26 64 50 70 77 31 21 55 98 57 17 60 29 88 87 4 80 1 43 39 41 97 68 49 56 19 6 18 5 75 94 67 54 73 20 24 81 33 59
50 8 11 82 90 1 4 46 7 99 17 73 76 79 9 45 50 21 75 53 5 37 69 25 56 22 78 94 43 70 48 27 89 44 24 54 2 6 84 26 47 95 18 63 66 19 59 60 23 52 81
54 35 70 0 11 28 51 55 73 30 7 60 95 22 65 6 86 69 1 37 72 45 10 79 54 83 3 63 61 93 82 48 77 21 17 9 32 2 43 5 99 20 36 94 80 91 40 96 98 67 50 57 24 26 33
51 76 63 38 12 34 32 55 69 51 99 21 18 56 58 60 65 85 15 77 88 11 61 6 87 78 46 13 90 33 92 31 81 39 72 16 36 74 49 14 94 70 5 43 93 44 97 66 83 50 8 95
53 90 18 5 17 57 47 82 20 4 71 13 9 66 36 44 16 60 1 10 35 89 58 97 33 19 52 76 29 94 23 91 64 99 75 68 40 69 53 50 15 54 51 74 87 78 2 0 56 37 59 12 26 24
45 71 32 6 59 63 1 90 37 62 41 65 23 66 16 39 86 10 18 43 20 30 82 72 79 94 3 45 74 13 47 48 57 83 88 93 96 50 97 91 76 89 70 77 52 9
49 19 27 93 51 46 77 38 80 94 56 64 37 60 49 63 84 9 67 42 22 39 81 25 21 90 78 32 98 52 16 95 66 57 24 88 89 50 5 62 40 4 41 10 43 3 17 59 30 6
51 74 66 71 94 44 21 30 20 70 10 31 84 22 69 16 5 95 27 57 78 88 1 90 53 23 37 24 48 97 33 58 52 89 14 98 64 25 28 81 46 29 35 92 79 63 47 18 61 75 87 6
47 3 33 38 74 75 98 4 27 21 82 54 40 30 69 29 59 83 73 90 22 17 94 28 65 97 11 24 0 72 47 1 91 13 89 45 77 31 86 71 10 12 35 6 56 18 19 37
51 72 38 59 90 55 51 3 69 12 57 13 71 22 60 79 88 46 62 68 98 66 52 14 73 41 18 93 45 26 63 7 56 39 49 24 17 4 27 92 15 75 43 36 34 70 44 29 23 64 35 8
49 64 13 5 66 29 37 12 26 51 9 25 67 58 61 93 31 43 32 17 78 21 87 90 81 1 56 33 75 70 69 22 2 24 50 52 10 30 88 4 6 7 47 55 84 16 11 44 3 28
46 2 10 33 43 52 47 68 86 67 65 95 74 48 26 71 79 7 64 24 45 37 76 92 88 4 91 56 12 22 1 42 49 11 13 3 69 39 30 80 94 70 40 15 72 36 83
52 45 46 71 72 58 52 16 74 61 57 69 55 51 15 90 79 85 7 76 67 83 8 2 59 25 87 9 19 40 92 91 29 21 4 14 13 70 82 0 86 73 81 93 20 33 1 38 23 17 89 95 47
50 71 74 37 46 19 39 76 0 48 62 97 95 17 11 60 45 96 25 3 5 12 7 31 72 80 56 55 44 75 92 93 28 83 77 34 9 84 51 82 53 21 4 6 29 64 88 15 54 81 91
56 66 4 80 45 63 27 65 85 77 30 92 28 81 16 40 19 76 49 42 14 70 94 12 88 86 71 9 50 84 43 22 23 75 79 33 13 61 11 83 82 17 7 34 20 26 38 0 95 41 32 21 46 35 31 52 47
46 72 11 49 17 54 2 96 35 50 25 19 15 56 0 71 18 1 29 41 95 26 99 57 87 3 55 88 80 38 22 48 62 84 60 32 14 78 67 52 93 74 81 16 89 8 97
46 19 10 22 66 53 31 95 90 75 58 96 41 54 79 87 50 4 18 47 89 40 73 88 38 1 34 60 39 15 71 13 74 85 93 62 45 46 64 8 52 23 83 97 29 55 21
53 0 82 53 22 10 86 31 14 8 95 4 18 23 2 30 36 70 28 27 75 74 67 24 40 16 54 7 85 34 89 78 55 71 1 48 94 68 72 98 15 92 79 99 12 88 81 56 20 25 91 97 38 11
50 46 37 31 72 73 15 10 53 83 82 74 58 95 61 90 62 47 75 68 24 38 40 84 35 9 32 50 81 45 80 64 77 93 79 60 98 70 1 11 78 54 52 36 87 76 29 23 22 6 44
48 69 57 22 68 37 17 31 92 34 19 78 93 94 58 5 89 14 0 9 87 25 45 83 91 65 54 56 35 21 61 52 82 67 59 15 90 24 77 46 41 28 97 12 40 75 88 79 36
48 67 76 41 18 91 55 14 9 59 31 21 26 10 65 92 8 2 89 63 11 70 27 15 19 98 74 75 17 64 57 40 32 12 53 43 25 34 28 54 50 81 58 78 4 1 30 3 51
50 17 44 59 62 25 37 19 34 67 35 73 89 66 53 41 21 45 61 84 63 80 74 71 69 13 2 31 83 20 14 4 47 76 38 8 72 16 79 9 24 27 95 3 92 81 52 93 46 91 50
46 28 84 60 42 72 1 52 12 14 58 18 76 27 67 85 44 6 57 50 53 74 24 96 16 46 65 82 62 94 93 83 59 15 64 5 9 13 8 2 34 3 31 78 26 33 75
45 60 19 15 25 37 21 7 74 79 1 77 20 2 27 45 34 49 67 69 75 57 91 30 16 38 4 66 33 80 17 63 0 78 93 22 55 65 41 28 59 40 56 53 51 72
55 88 70 32 11 57 47 5 27 30 35 29 78 34 75 37 82 87 16 6 38 40 98 99 52 36 50 8 74 64 53 94 13 83 93 61 41 12 44 51 63 22 3 68 26 71 28 81 86 42 21 72 24 77 79 17
51 43 88 70 5 97 14 35 78 34 23 10 24 83 61 76 13 51 89 31 63 9 50 62 15 37 77 64 80 79 25 95 90 52 84 93 58 17 69 85 73 82 96 86 16 94 2 74 44 59 68 72
41 49 70 57 5 91 34 1 80 37 56 82 87 58 85 6 7 15 68 31 61 64 77 42 36 19 23 33 53 21 8 96 71 24 76 3 28 20 79 65 17 73
46 43 88 70 32 47 97 14 30 35 78 80 56 87 58 16 7 15 2 40 69 60 0 20 18 62 21 12 83 64 53 31 73 36 39 17 79 96 33 95 66 55 63 24 52 9 81
40 88 32 11 14 35 29 78 34 86 77 82 28 79 38 95 13 66 65 17 42 62 21 18 8 64 74 51 50 40 22 69 94 52 45 46 96 83 6 90 16
50 49 43 88 32 44 38 73 93 54 59 45 75 86 25 8 14 79 19 52 94 7 99 77 1 69 35 21 18 30 51 85 41 28 92 2 24 67 48 0 10 65 60 84 29 6 33 9 36 71 46
48 49 11 47 5 35 29 78 34 75 4 54 80 56 82 87 46 58 48 16 85 22 2 0 99 26 9 51 18 65 31 95 94 81 36 63 84 53 93 21 39 66 28 72 68 77 50 71 60
45 49 88 70 32 47 5 97 35 29 78 91 54 80 82 87 58 48 16 85 8 98 39 79 94 21 20 45 41 95 74 10 33 36 31 17 22 93 81 71 69 3 73 2 83 63
42 49 43 88 5 27 30 78 75 4 56 87 58 48 89 85 7 2 69 0 18 62 59 21 10 76 77 50 55 66 24 19 17 36 42 51 95 71 13 23 33 44 79
46 49 43 88 70 5 14 29 78 91 34 75 1 80 82 87 92 89 6 38 98 18 62 41 21 84 93 12 94 74 77 53 39 17 79 22 95 42 72 3 52 61 25 63 13 45 51
51 43 47 5 91 75 1 80 37 56 92 48 89 16 85 7 15 40 99 20 18 62 59 68 84 12 94 26 73 51 86 42 71 79 25 53 72 77 52 19 63 67 74 28 39 13 95 44 83 96 8 23
43 43 88 70 55 95 80 21 0 92 65 6 57 12 63 20 61 66 47 44 99 4 46 93 82 22 77 37 33 76 67 84 96 23 60 87 97 27 83 19 40 30 14 85
48 70 32 11 47 27 35 29 91 34 80 37 56 87 58 48 40 69 60 99 0 20 18 62 41 68 74 76 94 64 23 28 33 9 31 55 61 86 44 3 63 71 83 96 10 45 95 13 72
45 49 43 88 32 47 78 91 34 1 4 54 80 82 90 46 58 16 85 15 38 40 98 0 62 59 68 93 12 94 10 74 86 64 8 53 73 17 79 28 44 22 33 95 9 45
52 49 43 70 32 11 57 5 27 9 4 40 21 22 83 44 75 60 39 61 15 33 89 25 36 73 87 18 54 72 50 76 86 20 56 59 80 3 1 81 35 69 41 65 30 58 62 82 78 74 93 55 45
50 49 43 88 47 27 14 30 78 91 75 1 54 80 37 82 87 46 58 48 89 16 61 81 62 63 51 13 21 55 20 26 53 60 98 42 23 10 22 3 44 77 38 66 18 17 28 2 95 36 72
49 43 88 70 57 97 29 78 34 1 4 80 82 90 58 48 72 18 15 73 64 38 3 36 41 83 40 19 10 20 7 55 50 33 69 95 59 76 6 21 13 66 79 52 98 67 31 96 22 0
55 43 57 27 97 30 35 91 75 1 4 80 82 46 92 48 7 15 2 98 69 60 99 0 65 20 21 84 93 26 74 77 86 83 64 8 73 36 39 9 71 52 67 81 96 79 22 61 42 33 19 72 45 51 3 13
53 49 43 57 47 5 27 97 14 30 29 78 4 54 56 82 87 46 89 16 85 6 15 40 98 69 60 20 19 61 83 74 79 3 21 41 22 45 66 42 31 44 77 9 26 68 12 84 62 8 76 93 36 10
45 88 32 11 47 5 97 29 78 91 54 80 87 46 92 58 48 89 16 38 2 40 98 69 99 18 94 26 10 76 64 8 31 73 17 81 22 51 44 72 71 24 52 28 96 79
46 49 43 88 11 57 27 14 35 29 54 80 90 92 16 7 15 38 2 40 98 60 65 59 95 41 96 3 18 81 10 77 39 79 94 17 24 72 42 51 12 55 44 66 68 52 50
59 43 88 32 11 57 5 97 14 30 35 29 91 34 75 4 80 90 46 92 89 16 6 7 15 38 2 40 0 65 18 62 8 52 67 74 94 76 3 77 71 39 95 23 63 66 83 55 81 26 24 64 9 17 44 79 53 51 50 42
54 49 43 88 70 11 57 47 27 97 14 34 4 54 80 56 87 46 58 89 16 6 7 15 40 60 0 18 41 59 84 93 94 74 76 86 64 53 73 36 17 19 44 63 55 33 66 45 23 13 81 95 9 25 67
49 70 32 11 57 27 97 91 34 1 54 80 56 82 90 58 89 15 38 2 40 98 69 60 65 62 41 59 21 12 94 10 74 77 86 83 8 53 44 22 95 42 45 81 72 50 67 63 52 61
46 43 32 5 97 35 78 75 1 54 80 37 92 48 85 38 2 40 98 0 65 20 41 21 68 84 93 26 74 77 83 8 39 19 79 28 33 66 71 3 52 61 50 63 25 45 51
48 43 88 70 32 5 27 97 14 30 29 78 34 75 1 54 82 87 90 46 58 48 89 85 40 98 60 41 59 68 84 93 94 26 10 86 83 64 53 36 79 28 96 22 42 61 9 24 67
44 88 70 32 27 30 35 29 78 54 80 56 46 92 6 15 40 98 0 65 18 62 41 21 68 93 94 86 17 52 36 55 33 81 63 24 67 73 64 95 66 39 19 25 10
54 88 70 32 11 57 47 93 99 79 12 29 55 98 36 25 95 23 97 50 35 44 14 63 38 0 60 81 8 28 75 52 17 15 64 26 22 76 74 61 94 48 18 20 67 41 51 84 54 37 89 46 56 83 42
51 43 88 57 5 27 30 4 54 37 82 90 46 58 85 6 15 2 40 98 60 99 0 65 62 68 93 12 94 10 74 86 83 64 36 19 72 24 81 13 45 50 55 44 61 25 95 96 71 67 63 66
48 88 70 32 5 27 30 35 73 21 83 85 20 96 26 67 25 45 38 50 80 18 63 79 71 89 7 82 74 33 51 56 52 31 66 77 19 6 12 16 9 4 0 48 41 98 53 69 86
59 49 88 70 32 11 57 47 5 97 14 29 53 54 33 0 8 76 67 31 55 41 71 93 50 78 17 80 56 26 61 18 69 48 21 83 98 3 99 84 25 15 59 62 45 75 64 85 94 65 86 72 35 95 74 63 77 58 87 28
36 43 30 35 29 34 75 1 80 87 46 89 16 6 7 38 2 98 18 62 41 59 68 12 94 77 64 53 63 39 3 81 71 45 95 96 19
50 88 70 50 72 73 26 7 47 93 54 44 19 97 14 95 80 4 45 74 53 90 21 40 48 75 76 94 96 24 3 39 27 13 51 30 52 71 12 55 23 61 5 25 78 29 83 60 79 58 0
51 11 57 5 14 30 35 29 78 91 75 54 48 89 16 85 7 38 2 60 99 65 62 41 59 93 12 26 74 76 86 64 8 73 36 17 79 96 44 22 13 71 52 3 50 24 42 81 45 51 66 63
45 43 57 78 91 51 86 9 95 83 63 6 99 44 65 77 94 55 12 48 98 1 61 31 4 2 64 96 72 36 25 75 50 16 22 93 40 13 71 54 79 87 52 23 21 0
54 49 43 88 57 47 5 27 97 14 30 55 46 86 84 96 90 0 83 71 12 48 29 95 87 80 89 1 33 58 50 79 51 91 17 42 52 4 37 20 6 31 3 72 24 78 40 67 7 65 73 56 76 21 26
49 57 47 5 27 97 14 78 91 34 75 54 87 58 48 16 6 7 15 2 40 98 69 60 0 18 59 26 74 76 83 8 73 22 79 50 96 17 66 45 25 55 33 44 52 28 81 71 3 42
40 11 27 97 35 75 1 68 28 82 60 85 38 93 90 48 56 42 45 2 50 98 12 15 46 62 66 95 73 10 39 86 24 81 79 0 71 52 44 59 40
46 49 43 57 47 5 27 29 91 4 37 87 46 92 58 16 15 72 86 83 33 71 23 79 94 98 21 74 81 0 69 20 19 53 13 24 9 51 50 41 73 31 40 52 76 45 65
46 49 43 88 32 57 47 14 37 56 87 90 92 58 85 6 7 60 65 20 21 68 84 26 10 74 76 77 83 64 31 73 61 42 52 66 71 95 9 50 3 17 51 45 24 79 72
53 49 32 11 57 14 35 34 75 4 54 37 56 82 87 46 92 58 16 85 38 36 50 59 98 19 72 12 94 21 81 45 24 65 41 52 77 26 18 25 95 20 0 84 74 28 23 69 22 83 13 3 10 63
49 49 43 88 70 57 5 27 97 14 30 29 78 82 48 89 16 85 7 38 40 98 99 0 65 20 18 74 9 77 31 12 96 50 79 44 24 67 81 83 55 68 95 26 23 25 42 33 22 51
45 43 70 57 27 97 35 91 75 4 37 58 89 15 2 98 60 0 20 18 41 21 94 10 77 86 64 8 36 39 17 79 96 44 33 50 55 23 81 66 52 45 25 51 9 61
58 89 87 73 11 18 1 56 90 68 16 67 31 44 60 35 20 42 13 5 83 8 22 9 21 55 95 64 38 79 86 66 28 10 41 47 80 45 96 72 97 24 3 78 17 15 81 88 14 34 93 99 85 91 76 25 52 39 70
50 43 88 32 11 57 47 5 27 14 34 75 1 54 80 37 56 82 87 90 15 60 99 0 65 20 18 41 21 68 84 12 10 74 86 8 73 36 19 28 96 23 50 13 33 22 81 61 72 63 42
53 49 43 88 32 47 5 97 14 30 29 78 91 75 4 80 37 56 82 90 46 58 48 85 7 38 40 18 68 84 93 12 53 31 36 39 17 79 28 22 33 42 23 71 55 52 61 9 24 63 81 67 13 51
52 88 70 11 57 5 27 97 35 91 75 4 80 37 82 87 90 15 67 22 85 19 50 6 28 68 84 31 40 48 18 45 17 99 72 59 89 21 77 94 61 26 58 66 25 93 13 63 86 76 65 38 55
46 49 43 70 32 11 64 48 15 82 75 19 0 13 44 22 87 36 84 83 91 27 52 61 3 6 62 45 39 10 12 77 73 50 71 56 38 54 35 18 55 98 30 7 53 93 97
58 49 70 32 57 47 5 27 30 35 29 34 75 80 37 56 82 46 92 81 6 8 17 63 83 24 73 68 55 45 41 64 25 96 66 79 85 61 69 7 33 36 12 76 77 51 19 89 98 72 10 59 16 67 74 60 50 15 84
48 45 97 22 65 93 77 84 47 61 6 48 58 85 68 39 41 9 92 20 63 87 7 14 18 69 2 30 70 15 57 72 89 38 80 8 83 88 53 13 40 50 5 52 35 95 73 56 90
56 49 32 47 27 14 30 35 29 91 34 1 4 54 80 37 87 90 46 58 48 89 16 85 6 38 40 98 69 60 0 65 20 62 41 21 76 86 64 8 36 39 28 96 44 33 95 42 23 66 72 71 55 52 24 81 63
50 88 70 32 5 27 35 29 91 34 1 4 54 56 82 90 48 85 6 15 38 98 99 0 65 20 41 21 68 10 76 77 86 8 53 73 39 17 19 79 96 33 95 42 66 72 61 9 24 45 63
52 49 43 88 32 47 5 27 35 29 78 91 34 1 4 54 37 82 92 16 38 40 0 65 20 59 21 93 94 26 10 76 53 73 36 39 17 19 79 96 33 42 23 66 71 55 3 50 24 9 45 61 63
43 49 70 32 57 47 30 29 75 54 80 87 90 6 15 38 2 69 60 0 62 21 93 94 10 74 76 77 86 25 51 55 13 31 3 67 23 45 52 63 96 9 22 79
55 88 32 57 47 5 27 14 30 34 75 18 92 79 20 13 86 33 66 72 55 25 96 15 51 76 19 7 6 53 44 26 28 23 59 22 52 63 85 69 89 77 50 90 61 64 36 60 56 68 40 87 98 99 58 24
49 43 88 70 32 11 57 47 27 97 14 30 35 91 34 54 80 56 82 87 46 92 58 48 89 16 15 60 99 20 41 59 21 93 12 26 76 83 8 53 73 36 28 22 42 72 45 3 50 52
50 49 43 57 47 27 14 30 35 29 78 91 54 37 84 2 8 90 48 10 74 81 83 39 3 45 12 67 26 72 69 66 94 99 55 71 23 44 73 63 85 40 51 60 6 96 76 18 59 22 95
57 49 88 11 89 94 42 99 14 76 78 86 2 54 87 22 36 84 69 20 41 17 62 90 35 34 60 98 33 28 75 27 67 58 85 39 68 48 0 59 46 21 30 18 96 55 44 38 40 72 81 74 61 53 16 56 23 66
56 49 88 32 57 97 14 30 35 78 75 1 54 82 90 46 92 64 16 99 19 39 50 22 36 73 62 7 38 66 2 72 45 12 8 83 85 15 42 13 40 76 6 89 94 69 55 93 3 59 79 68 28 25 60 23 98
42 70 57 5 14 30 91 1 54 37 56 82 87 46 58 48 16 40 99 65 20 62 64 23 22 71 33 55 77 84 52 31 94 36 61 95 8 68 73 10 13 79 25
48 43 70 32 11 57 5 27 97 14 91 54 80 37 56 82 90 92 58 48 6 15 28 3 99 55 18 20 93 42 12 50 86 17 64 84 94 96 44 36 83 22 25 33 39 71 23 53 68
50 49 70 32 11 57 47 27 14 30 78 34 1 54 82 46 92 48 85 15 2 99 0 65 18 59 68 84 93 12 74 77 83 39 17 79 28 96 44 95 42 23 66 72 52 51 63 25 24 45 9
45 57 47 14 30 75 1 4 80 37 82 87 92 58 89 85 15 69 99 65 18 12 9 31 76 21 68 84 53 50 23 13 73 28 10 59 83 33 71 96 26 3 64 79 8 77
48 49 11 27 30 29 78 34 1 54 80 56 82 46 48 85 6 7 15 40 98 0 65 21 84 12 94 26 10 76 64 53 31 73 28 44 22 33 23 66 3 52 61 50 9 24 45 81 51
51 43 88 70 47 27 97 30 78 34 75 1 4 54 80 82 90 58 48 89 16 85 2 69 60 99 0 62 59 21 12 94 26 74 76 77 83 50 22 42 33 25 3 19 63 72 31 67 17 28 39 13
49 49 88 11 5 14 30 35 78 91 34 4 90 46 89 85 6 38 2 40 98 99 81 52 61 41 20 17 23 44 86 96 94 71 33 93 28 76 67 59 26 62 24 39 66 50 84 63 21 51
51 43 11 57 97 29 91 75 4 54 80 37 56 82 90 46 92 58 48 16 6 15 99 65 20 18 21 68 94 26 76 86 83 8 73 36 39 79 28 22 33 42 81 72 63 52 50 51 61 67 24 3
46 43 88 70 11 57 5 27 30 35 29 78 91 75 56 87 90 46 48 16 85 69 99 65 41 21 68 94 26 10 74 77 83 64 53 17 79 28 96 22 23 66 72 71 45 81 25
50 49 43 88 57 91 75 1 54 80 37 87 90 46 92 58 48 6 2 98 60 99 0 20 18 62 41 59 39 45 81 24 96 12 51 67 44 26 79 66 76 25 95 10 31 61 73 28 83 93 13
39 49 57 5 14 30 29 75 1 4 54 56 92 58 48 16 7 38 40 98 99 67 50 36 53 8 73 19 64 23 62 77 74 84 3 83 86 18 12 17
47 49 43 72 11 12 86 1 53 71 41 89 60 26 30 77 29 83 7 64 61 78 22 59 91 14 9 42 16 0 99 32 27 2 98 47 3 94 48 84 73 93 67 51 23 25 55 46
51 70 32 47 5 30 35 29 78 34 75 80 37 56 87 90 92 85 6 7 38 2 98 60 99 0 65 62 59 21 93 12 94 10 74 77 86 83 8 31 73 36 39 17 19 28 33 50 52 67 45 24
47 49 43 70 32 57 97 14 30 35 34 75 1 54 80 56 90 46 92 58 48 16 6 15 38 40 0 20 84 12 10 64 73 39 17 19 79 28 44 23 66 67 50 81 51 9 61 55
54 49 43 88 70 32 47 5 97 14 35 29 78 75 1 37 56 87 92 58 48 89 16 85 7 38 2 98 69 99 62 59 68 94 26 10 83 63 33 71 52 22 72 13 79 66 44 51 55 17 95 3 19 39 36
48 88 32 57 27 97 14 30 29 1 4 80 56 90 48 89 7 38 40 69 0 18 41 21 84 12 10 13 67 36 64 22 23 77 33 71 17 61 95 96 83 24 81 28 39 9 79 53 44
56 88 32 57 47 5 27 14 30 91 34 46 73 82 95 37 68 25 15 92 33 31 69 80 45 17 64 67 9 36 42 54 86 89 71 10 62 24 53 58 77 79 83 40 8 6 84 94 96 21 85 44 48 76 66 0 72
52 43 88 32 11 57 27 14 30 35 91 75 1 54 56 82 87 90 46 92 58 48 89 16 85 38 2 98 65 18 62 21 68 93 12 94 19 36 52 55 64 81 39 8 33 51 22 50 83 63 77 53 66
55 49 88 70 11 47 5 30 29 78 34 75 1 4 54 80 82 87 90 46 92 48 89 6 15 2 40 69 99 0 20 18 62 41 59 21 93 10 74 76 51 8 17 39 79 31 42 61 81 71 64 67 9 24 23 53
47 43 70 32 57 14 30 35 15 13 81 1 6 9 65 52 33 16 4 36 25 77 7 85 58 0 90 8 89 24 95 45 63 67 71 56 34 64 18 80 26 19 41 3 61 87 86 73
60 43 32 5 27 97 35 29 34 75 1 4 54 80 37 87 92 58 48 16 7 38 2 0 20 18 62 41 59 21 68 84 93 10 74 77 83 8 53 73 36 39 17 19 61 72 96 66 52 13 81 3 45 51 67 25 33 42 24 95 9
58 49 43 88 32 11 14 30 35 29 78 75 1 48 15 63 45 24 83 10 87 22 84 71 19 66 6 50 72 89 74 77 79 23 53 16 60 44 55 12 94 31 3 9 46 7 68 62 21 13 86 20 64 93 98 2 17 81 26
50 43 57 27 97 14 78 80 37 56 92 48 89 6 7 15 38 40 99 0 65 20 41 21 68 84 26 74 76 77 83 31 36 17 19 79 28 96 44 22 33 95 42 23 66 72 3 50 45 63 67
48 88 11 47 97 14 29 91 75 1 4 37 46 16 51 40 13 76 59 55 18 41 9 62 60 90 17 58 61 63 0 2 23 48 52 44 7 28 94 87 64 6 86 85 25 66 45 15 77
59 49 43 70 32 11 47 27 97 14 30 35 29 34 75 1 4 80 56 90 58 48 16 85 7 38 40 69 60 0 18 62 41 21 68 84 12 94 10 74 76 55 64 28 23 73 96 36 79 39 3 81 25 95 66 17 24 67 61 71
48 49 70 11 57 47 5 27 30 35 75 1 80 56 87 90 46 48 85 6 40 98 69 60 99 65 18 62 59 9 83 72 22 24 45 93 63 79 74 95 17 44 86 81 25 96 39 10 61
52 49 43 88 11 57 5 97 30 29 78 91 75 1 54 37 56 82 87 46 92 58 48 89 83 33 2 18 51 41 63 10 13 86 39 84 65 64 45 6 50 24 7 61 73 25 8 28 71 67 40 76 62
46 43 70 57 5 14 30 35 29 78 34 75 1 4 54 80 37 82 90 46 92 85 38 98 69 60 0 65 84 93 12 26 10 33 50 42 23 17 53 25 22 51 71 28 13 44 66
54 49 43 11 57 47 97 14 30 35 78 34 54 80 82 15 68 53 0 55 7 6 73 46 96 76 25 2 3 62 9 12 71 59 92 79 19 77 89 38 93 50 18 8 84 90 36 40 31 44 67 39 95 85 22
56 49 43 54 27 9 3 39 74 21 13 58 77 64 45 25 26 0 68 15 28 52 89 30 93 99 7 35 51 55 19 20 11 76 8 57 22 41 82 75 98 32 46 80 91 44 95 65 16 67 1 94 85 73 29 5 4
48 49 43 88 70 57 27 14 35 29 78 75 1 54 80 87 90 46 58 48 42 21 33 19 18 73 62 55 98 85 8 10 15 99 94 65 81 64 23 74 22 41 93 25 31 76 9 77 50
48 49 43 32 57 35 78 91 1 4 54 37 56 82 87 23 96 39 50 72 58 83 76 13 77 94 67 45 84 86 65 25 66 21 89 20 53 68 92 46 44 60 74 71 99 28 64 51 16
42 43 88 70 47 97 35 34 36 56 60 52 50 99 12 42 7 85 15 66 95 65 75 90 82 45 17 68 67 33 76 13 59 23 19 51 10 21 55 46 38 9 2
41 49 11 5 97 75 54 87 90 77 40 55 38 10 39 26 69 72 85 9 93 96 79 86 17 48 95 19 52 58 76 62 73 66 81 20 60 71 61 68 21 24
51 49 43 88 70 32 11 47 5 27 97 14 30 34 1 80 37 87 46 92 58 89 6 7 98 60 99 0 65 18 68 84 77 22 33 71 25 52 86 96 76 61 45 9 26 28 79 53 13 55 17 24
54 88 70 32 57 5 27 97 30 34 75 1 4 80 56 82 90 46 58 89 6 7 38 40 60 99 0 65 20 59 21 12 63 19 26 95 28 52 71 83 73 13 96 66 67 9 10 25 76 42 23 53 64 22 31
53 49 43 88 32 11 27 97 30 35 78 91 34 75 1 4 37 56 87 92 16 6 7 15 40 99 20 41 59 21 68 84 12 94 26 10 74 83 8 31 73 39 79 28 96 22 50 23 61 51 81 9 13 3
52 43 32 11 57 97 35 29 34 75 1 4 54 56 87 90 92 48 16 2 98 60 65 20 62 41 68 84 93 12 94 10 74 83 53 31 36 17 19 79 28 33 25 61 50 44 67 52 3 95 51 81 42
48 49 43 32 11 47 27 58 24 96 46 45 87 81 85 3 17 74 98 91 73 25 42 66 79 93 99 95 22 35 92 41 64 18 94 82 1 21 19 55 16 36 37 30 60 83 23 72 7
49 88 70 57 47 27 97 30 29 34 54 80 37 58 48 89 16 7 15 38 40 84 25 93 42 36 24 51 26 9 71 76 41 96 65 31 20 19 86 50 13 69 0 68 23 63 28 18 73 17
47 43 88 70 11 57 5 27 97 30 91 34 54 56 90 46 58 89 6 69 60 28 51 77 66 68 64 41 10 95 84 67 12 61 65 73 59 62 44 17 0 33 19 94 93 71 55 81
