100
1 9
7 12 59 29 64 32 98 54
4 3 89 12 84
4 2 81 8 69
4 19 26 68 55
7 71 59 65 49 15 75 35
2 39 90
1 77
1 3
4 45 0 64 44
5 75 38 94 11 14
8 56 21 47 63 97 10 98 60
4 59 15 1 2
3 53 18 97
5 21 73 82 47 10
5 40 12 79 67 5
4 33 22 28 87
4 44 82 42 32
2 13 62
4 69 88 4 74
2 37 59
5 11 64 14 40 31
6 36 16 66 53 77 70
2 30 39
3 50 90 92
5 46 70 86 44 47
4 83 81 4 53
5 91 86 38 53 92
4 85 16 69 68
2 1 35
4 35 70 23 79
4 51 73 38 21
4 55 17 1 80
4 16 99 93 45
2 62 38
9 30 65 72 39 96 71 29 5 88
2 22 44
1 20
7 65 34 27 40 10 46 31
3 6 35 23
4 15 86 38 21
2 59 80
5 48 57 85 17 83
3 82 78 72
6 17 98 25 9 50 36
5 60 84 96 9 33
4 25 87 70 38
4 83 11 25 14
5 42 61 90 91 89
3 69 97 5
5 87 71 24 44 94
4 59 31 73 90
1 78
5 13 72 26 22 27
4 60 66 73 1
4 58 71 32 4
3 11 98 69
2 42 86
9 62 55 63 60 84 59 85 80 65
7 12 51 41 1 5 58 20
4 45 54 58 11
2 48 98
4 58 34 18 63
4 58 11 65 62
3 21 9 1
6 38 35 5 75 63 58
5 85 86 22 54 98
4 97 15 78 81
4 91 95 4 28
7 19 49 72 28 56 3 74
5 30 25 46 82 22
4 5 50 55 35
4 69 35 43 53
6 76 31 14 54 96 51
4 94 19 69 99
4 65 10 90 5
1 73
2 7 22
3 43 52 67
2 15 30
5 89 41 86 32 58
4 3 26 67 99
5 43 17 70 84 14
4 47 26 97 42
4 45 58 82 2
4 28 42 66 58
6 40 27 25 66 80 57
3 50 46 16
2 19 35
4 80 98 2 48
5 48 6 24 75 51
3 27 68 48
3 99 24 27
1 33
3 10 50 74
1 68
4 45 35 73 97
7 49 13 99 67 11 96 83
7 89 44 61 56 11 66 1
5 33 97 92 81 74
4 13 70 48 82
3 33 13 70
4 62 28 23 48
4 43 5 62 49
5 19 81 63 74 49
5 30 73 51 31 3
2 81 26
3 8 17 54
3 31 7 88
2 20 25
2 25 28
5 72 37 35 66 59
4 46 81 60 26
2 0 1
4 67 30 38 92
5 41 72 29 16 85
4 46 15 96 31
1 7
3 30 50 37
4 94 31 4 55
3 65 9 59
5 39 90 74 98 26
5 76 98 28 65 66
3 93 2 50
2 61 70
4 9 10 96 40
7 61 43 94 64 6 21 12
3 61 41 73
7 30 22 83 10 38 69 2
4 43 15 90 96
5 14 28 18 43 5
5 5 19 8 48 16
4 83 44 51 92
2 1 92
4 45 55 96 36
4 42 95 54 11
4 67 70 50 34
4 68 86 18 11
6 67 70 28 96 40 14
6 93 78 21 65 84 48
4 43 96 25 38
4 75 15 27 94
4 46 35 52 86
8 30 64 73 3 40 59 26 29
7 61 67 77 97 89 32 96
4 68 95 56 34
4 42 12 77 16
1 84
5 39 62 0 2 31
4 95 4 3 59
5 80 94 23 36 18
6 5 83 32 90 57 85
1 42
2 68 70
4 79 59 7 35
4 61 19 34 60
4 45 71 76 58
1 51
1 56
7 43 20 91 54 49 85 11
5 55 89 96 12 98
7 77 44 24 27 55 26 90
5 2 48 98 94 3
2 4 98
3 43 26 86
5 20 39 95 22 88
3 80 22 11
7 36 44 38 91 79 14 70
4 45 86 53 37
4 79 73 28 98
9 67 24 0 38 88 1 85 36 53
4 93 74 86 56
4 93 11 99 15
5 43 5 27 69 83
4 71 4 96 21
1 41
3 22 81 56
4 61 46 44 79
2 39 94
5 67 77 69 82 54
3 50 92 66
5 4 6 92 76 12
2 79 0
4 73 32 51 28
2 47 39
4 70 15 51 59
7 42 68 71 91 64 88 37
1 97
4 70 8 65 86
2 44 60
4 61 29 21 51
3 67 86 59
5 33 80 81 32 14
4 72 39 71 23
6 41 19 62 78 26 50
4 45 49 35 65
9 34 25 40 29 16 44 74 60 38
2 87 44
6 62 22 69 63 21 60
1 72
