20
12 19 4 10 5 9 12 7 11 3 13 1 14
10 10 2 8 5 15 16 17 7 0 14
12 9 15 5 16 18 4 1 11 19 3 12 13
14 16 9 4 18 15 17 0 2 10 13 11 12 14 5
11 3 2 0 19 12 17 7 14 11 13 6
11 2 18 15 10 1 17 16 0 9 12 3
4 12 8 9 4
9 8 12 19 0 1 11 4 14 18
8 15 1 16 7 11 6 14 18
7 3 2 11 16 0 5 6
7 1 0 5 16 13 11 3
12 13 9 2 8 15 10 0 14 7 19 4 3
9 6 7 0 4 15 14 5 2 3
8 11 10 0 3 2 4 14 15
13 16 15 8 19 11 1 12 4 7 18 3 13 0
12 2 3 5 8 1 14 11 18 12 16 17 13
11 3 2 14 17 8 9 5 18 1 10 15
6 16 5 1 3 4 15
8 3 2 5 16 15 8 14 7
6 0 4 7 2 14 11
7 1 19 18 11 4 2 9
12 15 13 0 11 17 6 16 9 18 2 19 10
8 1 3 18 13 0 9 10 14
12 19 17 14 11 4 7 13 9 15 18 6 2
11 19 3 18 11 12 17 0 10 14 5 7
6 19 18 13 11 14 4
9 1 3 18 13 11 8 16 14 10
8 3 18 11 16 12 10 14 4
4 13 6 12 17
12 1 3 18 13 16 12 17 0 2 14 10 15
13 1 19 18 13 16 12 9 6 2 4 14 15 7
11 1 19 3 18 7 14 0 5 4 17 6
8 19 8 16 14 4 9 10 7
11 1 3 18 15 6 5 16 10 9 2 8
12 19 3 18 11 12 9 6 2 10 7 4 5
6 1 3 13 16 9 10
9 1 19 13 12 6 15 9 10 7
7 1 3 18 11 8 9 4
14 1 3 4 17 13 7 14 5 0 2 9 6 10 11
10 1 0 3 12 11 14 4 5 16 10
