30
16 4 28 1 11 12 18 5 15 21 27 6 25 17 16 29 13
15 26 11 19 3 0 15 29 20 8 9 10 6 5 2 14
18 25 22 10 16 4 24 8 19 13 15 6 26 12 11 28 1 27 3
16 20 1 19 13 18 4 23 22 12 16 5 17 29 11 14 2
20 0 20 26 27 18 2 3 17 16 28 15 8 29 11 12 5 6 24 14 23
15 7 20 29 24 0 27 3 8 25 23 4 26 1 11 10
15 8 18 27 2 11 14 7 23 15 1 0 22 4 13 10
15 18 8 14 5 12 20 29 10 15 23 6 24 13 28 11
15 19 7 6 16 29 2 22 23 4 1 15 14 5 27 12
12 24 15 29 10 21 25 12 1 18 16 13 19
11 20 2 24 7 9 1 22 23 5 11 6
15 1 12 0 19 23 15 6 29 4 2 3 20 5 10 7
18 21 7 16 11 13 14 0 26 3 9 20 22 2 4 8 29 17 15
17 23 3 12 19 2 18 16 22 7 14 6 9 28 21 25 26 0
15 7 23 15 12 6 22 8 17 13 25 1 29 21 3 4
19 16 17 9 1 25 14 22 20 11 2 7 4 0 8 6 27 24 19 12
12 27 15 18 8 12 2 29 13 4 3 9 0
11 15 4 20 19 21 25 14 3 0 23 12
14 7 6 20 16 4 3 28 26 0 13 21 25 23 9
17 25 8 24 22 1 3 28 13 2 11 17 21 29 15 27 23 9
14 10 3 4 18 5 7 15 17 1 12 27 11 29 22
9 26 12 9 19 17 0 18 14 13
16 19 2 15 28 8 3 13 12 27 14 26 23 10 6 20 25
18 13 26 14 11 3 8 25 7 6 28 5 22 10 18 27 17 19 4
8 19 9 10 2 5 7 15 4
13 19 2 15 9 23 27 17 5 14 18 0 13 22
11 21 23 1 4 29 18 12 2 22 5 13
14 16 4 6 28 25 22 5 0 15 8 20 23 19 2
10 0 19 18 22 27 4 23 2 7 13
15 26 5 7 16 9 8 1 4 11 19 3 12 14 20 0
19 10 14 1 24 12 4 3 5 27 26 19 2 25 18 11 20 15 6 16
18 14 18 11 9 2 24 6 3 16 21 0 12 13 26 27 8 15 7
12 10 1 7 24 3 5 26 21 0 15 29 28
15 14 1 24 17 12 4 16 2 28 11 23 0 19 15 26
15 17 12 29 3 19 26 20 28 9 0 23 6 21 8 27
12 14 6 0 28 9 22 18 26 29 2 21 16
8 1 24 17 4 5 9 0 16
16 14 1 20 16 21 29 24 23 11 26 2 17 25 28 27 19
10 10 1 24 4 21 29 16 11 23 15
11 14 1 17 12 4 5 20 6 11 23 27
16 24 8 14 27 26 29 17 0 22 15 12 18 25 2 28 21
16 1 7 12 3 9 26 21 19 0 16 20 8 15 13 23 18
15 10 14 1 24 3 29 15 27 19 4 23 0 11 21 9
11 14 1 24 17 26 21 29 22 11 23 28
15 10 13 27 16 7 0 28 20 3 5 9 12 17 1 19
14 10 1 24 17 12 3 0 2 16 20 11 23 18 8
17 14 1 7 3 5 27 21 0 25 18 6 11 8 22 28 15 23
15 10 14 7 24 4 20 28 6 15 3 18 23 13 27 9
13 10 1 17 5 21 19 0 25 29 16 11 23 15
15 14 7 24 12 4 3 26 21 23 0 11 25 18 28 22
14 14 7 24 17 4 9 27 26 0 25 29 15 28 11
17 10 1 7 12 4 5 26 23 16 29 2 11 19 8 22 18 13
9 10 5 26 21 19 25 29 16 13
18 7 24 17 12 4 3 9 27 21 19 25 29 16 11 13 18 8 15
20 10 1 7 20 13 15 29 25 2 8 0 3 28 27 26 17 12 6 19 23
11 10 7 24 26 19 0 20 16 22 18 23
18 10 1 7 24 4 3 5 27 22 2 21 19 13 20 11 28 25 0
15 10 14 1 7 24 17 12 4 9 26 16 23 0 28 20
15 10 14 7 24 17 4 3 5 27 26 19 2 16 20 13
14 10 7 24 12 4 5 21 2 20 8 13 22 18 23
