30
5 12 6 10 28 11
3 7 2 13
8 9 27 25 18 3 1 23 22
3 2 5 6
3 24 27 22
5 16 15 26 3 28
8 28 24 15 0 14 18 3 23
4 1 10 25 19
3 16 18 13
2 2 16
4 7 0 22 19
3 16 18 0
1 0
2 1 8
6 19 20 24 21 16 6
3 5 26 6
6 5 24 8 11 14 9
2 20 28
5 23 2 8 11 6
5 14 24 7 26 10
3 14 17 24
2 14 22
5 26 21 2 4 10
4 18 2 28 6
6 14 16 6 19 4 20
4 2 27 7 26
5 22 15 5 25 19
3 2 25 4
6 6 29 5 17 0 23
1 28
6 19 23 24 22 17 7
5 8 6 21 29 14
8 27 25 20 26 9 12 17 16
2 21 16
3 29 20 16
3 13 9 28
4 19 8 16 1
1 0
4 27 6 26 1
5 2 24 5 11 17
1 19
3 19 13 9
3 2 23 24
6 23 5 25 11 21 29
5 23 18 1 16 26
3 21 22 29
5 2 4 6 3 14
4 2 24 9 0
3 23 24 14
5 10 24 6 0 11
3 2 4 26
6 24 1 15 29 3 13
2 15 0
5 12 13 18 14 0
8 19 12 0 29 18 21 9 17
2 2 13
4 2 8 20 14
3 8 2 28
2 27 5
6 4 24 21 13 1 15
