40
21 24 28 27 7 29 3 36 1 4 8 19 5 11 17 10 13 26 21 15 23 20
18 19 6 10 0 20 22 9 32 34 26 27 14 38 28 29 7 2 35
20 32 39 13 21 26 31 36 25 30 37 28 16 27 24 3 1 9 35 10 8
18 23 10 9 0 27 18 31 35 6 33 37 30 19 13 2 36 29 11
16 25 18 36 37 12 31 0 23 32 38 28 10 30 33 39 8
15 19 31 29 7 20 21 0 16 27 11 14 18 24 22 9
18 32 31 24 11 19 1 9 37 17 20 29 33 21 14 13 38 3 34
19 34 0 33 5 18 9 24 15 17 39 23 16 28 12 21 11 8 1 36
16 18 37 23 0 20 31 21 34 25 13 9 26 7 33 2 4
22 30 3 6 13 17 11 7 1 19 35 25 36 27 37 29 8 24 5 16 2 28 18
21 30 33 14 3 1 24 12 0 4 38 28 25 32 16 15 19 26 21 2 11 17
20 6 27 35 25 9 0 22 16 34 36 29 5 17 14 28 7 26 3 31 10
21 31 23 18 33 26 39 20 15 34 4 27 21 24 30 10 19 17 22 35 7 29
20 33 17 39 2 21 9 34 26 28 6 0 25 14 18 24 8 3 35 20 16
18 38 36 10 25 35 32 27 6 17 39 13 5 16 11 29 1 18 28
18 20 22 18 34 12 23 36 32 38 7 39 24 30 35 0 10 28 26
20 21 24 17 37 5 28 11 7 14 34 2 10 35 33 36 9 25 39 13 19
24 38 13 23 25 16 6 33 36 9 26 34 35 7 0 31 14 12 11 22 21 19 30 24 10
22 12 21 36 20 4 15 8 3 24 7 27 37 13 28 32 5 14 39 35 38 33 9
19 6 1 5 0 28 9 12 35 25 32 21 3 22 39 17 33 10 29 16
20 28 15 33 32 18 30 12 29 31 22 38 6 1 8 5 37 13 35 0 34
21 18 16 2 13 34 27 12 5 37 6 8 26 19 0 17 33 7 35 23 10 24
17 15 27 24 20 30 1 39 34 11 28 17 12 19 36 31 5 29
17 27 12 17 3 38 15 8 30 4 34 7 39 33 26 0 21 31
25 0 6 22 25 10 16 18 30 28 7 29 12 27 34 15 13 33 31 2 37 5 9 21 35 17
21 37 24 4 33 17 11 14 39 2 19 13 29 9 10 8 26 35 30 16 32 27
15 12 2 17 28 13 21 0 1 8 25 23 11 10 36 15
21 23 22 38 0 11 3 35 37 21 18 12 39 14 24 5 34 9 2 1 30 25
25 20 0 38 34 37 26 24 19 29 16 30 4 32 13 22 10 36 2 18 7 1 15 11 14 9
18 0 20 5 6 24 28 11 25 9 31 14 3 1 34 35 12 19 22
21 10 9 20 33 36 34 22 24 23 31 2 28 12 32 3 15 17 4 27 25 37
22 35 6 12 5 20 4 37 8 3 2 38 30 33 17 24 32 29 34 22 11 23 36
15 6 2 20 14 15 4 28 1 19 30 10 31 35 18 25
22 13 20 38 10 25 12 7 30 17 39 35 6 31 3 24 19 21 16 23 8 4 18
23 7 36 37 15 28 21 30 35 12 17 22 13 23 24 11 27 8 6 16 1 31 29 20
23 31 27 11 34 14 17 3 33 19 9 12 16 32 13 29 15 20 18 21 25 24 2 1
18 34 18 14 30 0 4 17 15 2 11 9 28 22 3 16 26 7 31
18 25 34 6 8 27 4 28 31 21 18 16 2 20 3 9 24 30 38
16 17 39 27 14 33 28 23 20 31 15 4 6 10 1 18 37
16 38 13 2 12 25 22 33 27 15 14 7 19 23 18 16 4
21 18 36 23 12 14 25 6 35 29 27 16 7 32 38 1 21 37 24 22 3 15
21 0 35 34 25 29 39 8 2 18 30 10 36 20 11 9 22 16 37 24 32 38
18 35 7 19 1 32 21 10 6 20 31 11 23 38 5 9 14 28 36
17 0 25 29 12 27 30 22 38 24 23 10 39 13 5 8 37 4
22 34 25 29 7 19 27 32 30 38 15 26 3 18 14 39 31 33 10 8 11 13 6
16 34 29 12 30 21 2 22 9 28 16 26 3 20 23 8 10
18 0 34 25 29 12 17 32 2 22 9 38 28 26 37 36 39 4 13
15 0 16 4 14 12 15 24 9 23 32 2 28 18 26 17
22 25 29 19 12 27 1 30 21 9 38 28 16 15 24 3 18 20 39 4 10 5 31
20 34 7 12 17 1 32 21 2 24 18 38 33 36 13 31 8 6 20 5 16
16 35 29 19 1 2 22 38 28 15 3 23 36 4 8 33 5
15 35 34 29 19 1 2 22 28 16 15 20 36 39 4 31
19 0 35 7 13 8 28 17 18 22 38 5 3 9 36 30 24 32 27 6
23 35 19 12 27 32 30 21 22 9 38 15 24 26 3 18 23 36 14 39 4 6 33 31
18 0 35 25 7 19 17 32 30 2 16 15 26 18 20 36 4 13 31
20 0 35 7 19 27 30 21 22 28 36 8 11 39 14 4 26 10 33 31 13
19 0 35 25 7 19 17 1 30 9 38 36 31 20 11 24 26 5 8 14
22 35 34 25 7 19 12 27 39 21 38 32 16 31 20 6 23 33 14 18 9 36 28
25 0 34 7 19 12 17 1 30 21 22 9 38 28 24 26 20 39 36 14 23 13 8 4 33 31
18 35 25 11 4 18 32 16 17 33 38 15 14 8 24 2 21 10 13
21 34 29 27 17 1 32 21 2 9 38 16 18 33 8 5 14 37 31 39 11 23
20 0 34 25 19 27 17 8 38 5 24 13 37 36 20 2 28 18 31 15 9
18 0 12 1 30 15 26 28 13 3 6 11 10 5 18 39 31 36 37
21 0 35 34 25 7 17 32 30 2 28 24 26 3 18 20 10 31 33 5 13 39
21 0 34 7 19 12 27 1 30 21 9 38 28 16 13 23 33 37 8 31 3 18
18 0 34 3 1 17 23 28 4 31 19 8 33 39 16 21 6 14 32
17 35 7 32 30 22 38 16 15 23 18 39 5 13 36 6 4 14
16 0 34 29 12 28 33 3 15 4 24 13 20 21 17 37 8
22 25 29 7 12 27 17 30 21 2 22 24 6 15 18 23 33 36 11 5 31 10 8
16 0 20 28 6 33 30 4 3 11 10 36 1 39 8 5 27
21 29 12 1 4 3 28 8 37 5 15 22 13 23 24 18 39 16 38 26 31 14
23 35 34 25 17 32 30 21 2 22 9 38 28 16 15 24 18 20 23 14 4 11 8 13
20 0 25 7 19 12 17 1 23 31 20 26 9 13 6 14 38 2 36 37 4
18 34 25 29 19 27 17 9 28 15 24 18 20 23 36 39 4 13 10
20 35 11 5 21 24 37 4 6 20 39 33 36 9 23 18 25 17 31 1 27
18 0 16 19 1 15 26 17 11 13 37 23 2 10 36 14 12 34 31
25 0 35 34 29 12 17 1 32 21 2 22 9 28 16 15 26 18 37 10 13 33 14 39 11 6
15 0 35 34 27 1 32 30 21 22 38 24 3 20 36 6
24 0 19 12 17 1 32 30 21 2 9 10 3 20 8 6 37 13 31 4 26 24 16 39 18
21 34 25 29 17 1 30 22 38 15 26 3 18 20 23 36 8 6 13 4 11 33
