40
4 3 5 35 37
2 9 33
6 32 7 26 37 8 3
6 10 0 24 5 37 2
4 5 24 6 37
5 6 4 18 3 0
7 5 38 9 20 19 4 7
9 2 23 27 35 18 28 10 26 6
6 9 29 2 17 12 18
5 17 8 6 22 1
7 11 3 30 23 36 17 7
6 10 15 33 16 21 18
1 8
5 36 15 18 28 16
1 34
4 13 11 39 24
2 11 13
4 9 39 10 8
9 7 13 34 35 5 11 27 19 8
4 38 32 6 18
1 6
4 11 29 32 38
1 9
4 7 27 10 39
5 25 4 3 15 33
2 24 36
3 38 2 7
4 31 23 7 18
3 7 13 32
3 8 21 31
1 10
2 27 29
4 2 21 19 28
5 39 11 38 1 24
2 18 14
3 7 18 0
3 13 25 10
4 2 0 3 4
5 26 6 19 33 21
4 33 17 15 23
5 31 32 13 38 29
5 15 21 8 39 22
7 25 35 27 17 34 31 39
4 12 20 25 10
1 8
4 35 13 34 14
3 12 35 13
5 21 37 33 23 36
6 20 1 19 39 4 13
1 21
4 18 24 21 3
4 20 37 33 38
4 25 18 6 3
9 18 35 8 27 0 16 6 5 37
2 5 19
2 1 36
2 30 13
1 2
5 12 25 10 21 13
3 8 33 14
6 11 35 23 3 8 25
7 10 18 7 1 9 37 35
1 1
3 20 35 7
5 25 10 32 28 36
6 12 20 2 24 18 3
4 32 39 34 36
6 2 32 36 29 33 13
2 24 31
2 27 0
1 16
3 2 0 28
4 27 0 26 24
4 27 19 11 7
4 35 2 5 26
9 20 21 34 5 6 13 38 2 23
5 15 27 24 26 7
4 21 13 7 11
3 35 0 11
4 8 1 2 26
