50
31 45 12 39 13 49 10 9 14 8 18 38 29 11 34 40 27 20 28 32 5 17 7 26 15 22 3 1 37 19 46 30
25 49 48 47 42 30 22 24 19 21 7 41 3 18 45 32 13 28 16 37 27 43 46 34 8 0
21 23 36 12 16 38 49 41 21 27 45 3 7 29 20 10 43 4 47 25 40 24
27 4 31 5 45 34 10 19 17 12 43 14 2 28 38 1 39 15 40 42 22 23 25 29 21 6 0 13
26 3 8 10 24 34 18 32 15 19 41 27 36 17 43 25 9 2 22 44 21 7 40 29 38 13 5
23 11 3 24 25 21 8 26 13 40 41 9 32 36 22 46 17 0 39 14 16 30 4 27
23 34 10 12 16 27 39 8 13 32 7 49 33 9 28 41 19 44 42 11 22 35 40 3
28 45 28 27 17 31 41 15 11 35 42 1 6 43 47 2 12 25 33 19 32 8 4 23 36 0 21 9 10
25 31 4 38 45 44 47 0 5 16 6 23 27 43 25 30 7 36 41 19 46 11 24 1 20 32
24 43 37 20 49 33 0 13 38 45 5 34 6 4 32 41 39 28 14 15 17 42 7 47 35
22 24 6 4 3 0 47 48 18 43 26 2 34 46 11 42 14 39 21 33 25 7 29
30 5 36 39 37 19 12 47 7 49 43 16 42 24 28 31 45 26 0 6 21 18 20 10 41 8 35 22 33 23 34
23 24 2 26 6 13 33 29 0 3 11 30 38 47 14 7 37 49 35 42 16 43 41 34
24 25 12 0 40 39 24 5 34 9 6 35 15 31 33 46 37 19 42 1 44 36 4 49 3
20 47 15 19 26 0 21 38 42 48 3 40 12 31 17 33 30 9 10 5 43
22 49 14 45 7 4 32 41 29 33 48 13 38 30 3 34 19 9 17 28 0 25 26
22 29 31 2 42 6 28 49 8 11 37 22 21 23 35 1 45 47 12 38 5 40 44
25 34 19 48 26 7 3 24 43 49 35 44 38 30 28 22 31 46 4 14 41 36 9 5 15 0
23 24 19 42 4 49 44 10 0 35 46 47 1 21 20 33 40 22 11 37 39 41 36 29
28 17 45 11 3 18 14 41 1 22 4 36 39 47 24 13 6 37 7 43 23 49 8 15 20 34 27 0 33
19 9 43 31 23 34 41 35 47 45 40 28 18 2 11 0 19 48 32 8
22 34 27 36 14 5 1 2 16 46 23 37 32 18 49 11 4 48 31 7 10 3 47
21 36 1 19 16 46 23 42 17 39 33 5 3 25 6 18 4 28 41 40 11 0
24 2 30 29 20 45 34 42 41 8 35 21 22 16 26 31 19 3 43 36 7 48 24 38 11
20 43 18 12 10 26 44 5 4 32 17 1 13 11 19 37 45 8 46 23 2
24 13 37 30 5 43 35 48 28 29 49 8 41 7 32 27 22 4 40 3 2 15 39 10 46
24 29 36 30 12 44 24 17 39 42 37 14 45 5 47 43 11 40 10 23 31 0 15 34 41
18 21 7 6 28 37 45 2 4 8 25 36 0 1 34 32 19 31 5
22 37 7 16 27 25 38 11 3 40 47 17 41 6 42 20 1 9 0 48 22 35 15
20 16 26 32 23 12 39 48 25 38 15 46 42 0 2 43 45 3 4 18 10
23 26 25 23 1 41 12 44 42 46 17 31 15 33 8 14 32 48 39 43 36 40 5 0
28 16 42 8 3 7 33 20 39 40 47 11 13 45 14 30 17 23 35 44 43 26 49 41 46 36 21 34 27
24 29 24 37 4 34 15 44 6 21 1 35 5 41 7 25 42 45 30 9 0 27 48 20 8
22 34 12 31 9 15 47 39 13 6 22 7 30 36 18 14 49 45 44 10 41 11 19
29 6 17 33 21 38 3 4 20 32 37 49 23 13 43 40 9 0 10 45 15 42 27 39 1 19 12 31 26 11
24 42 37 25 43 7 20 13 23 18 17 45 32 31 47 16 36 12 49 6 28 11 38 40 9
26 26 2 49 11 22 21 19 43 4 5 47 44 33 27 39 8 35 37 48 13 17 23 31 7 30 18
24 28 25 9 41 11 35 32 26 47 49 34 27 16 24 21 13 42 12 19 36 1 18 43 0
23 47 8 2 39 34 45 28 12 29 14 0 44 17 3 9 43 40 46 15 16 35 4 23
25 46 41 44 26 38 45 11 0 29 6 13 31 19 3 33 22 36 9 42 30 5 10 18 34 25
24 41 13 43 31 5 14 28 34 38 26 20 0 3 18 25 45 6 4 49 22 2 16 30 35
33 39 43 40 37 7 30 19 20 2 47 23 15 4 1 48 5 28 25 6 32 8 9 17 46 11 31 22 12 18 33 44 42 26
31 35 47 16 46 31 1 26 18 48 7 30 11 23 14 45 43 29 22 37 44 13 28 6 3 32 34 12 10 39 9 41
33 24 9 41 20 49 25 35 17 3 11 40 34 42 36 10 26 8 7 38 29 46 47 4 19 2 31 37 23 1 30 12 45 14
21 26 39 24 48 8 18 47 30 32 38 17 45 42 6 36 13 31 33 4 41 16
30 7 8 15 0 39 3 19 38 23 26 27 42 20 2 44 11 31 9 1 35 29 49 34 40 32 16 33 24 47 43
23 39 42 22 21 29 30 18 38 13 43 17 48 10 8 5 41 31 1 24 49 25 0 47
30 42 14 38 1 10 11 44 37 8 41 20 19 31 26 28 33 12 18 7 48 43 36 35 2 49 16 45 21 9 46
19 17 1 44 29 25 42 10 14 41 15 47 46 30 36 20 28 21 23 32
26 15 1 36 43 0 9 16 18 11 37 34 2 17 25 6 12 21 45 33 19 47 35 31 40 46 13
24 17 18 8 41 33 43 44 40 27 28 1 10 11 38 45 9 34 21 7 37 6 25 32 13
20 18 49 2 36 39 3 41 33 43 42 40 27 20 13 11 47 9 0 16 24
26 49 35 39 3 1 34 40 9 46 27 37 38 7 42 13 10 8 22 47 28 12 19 14 29 43 36
22 17 49 35 2 30 12 1 6 26 40 13 11 34 24 41 32 23 15 28 31 10 14
23 17 18 36 39 33 23 46 42 20 10 11 37 47 32 24 5 31 9 26 15 13 7 19
28 35 12 39 41 43 23 44 42 48 28 20 11 38 4 32 31 15 19 6 16 21 47 13 25 37 24 7 34
30 18 49 12 39 8 3 41 33 23 44 40 27 48 28 11 45 5 31 21 7 0 29 37 32 13 47 16 24 26 25
26 49 2 36 12 39 41 43 42 40 27 28 22 20 11 38 4 5 31 21 25 13 6 47 15 0 26
24 17 2 36 30 12 13 0 48 25 31 43 29 16 34 9 37 15 45 23 46 42 32 6 21
24 17 18 2 36 30 12 39 8 46 48 28 1 10 38 14 4 0 34 47 21 37 32 16 26
24 49 35 2 36 12 39 3 43 46 22 0 4 13 21 26 45 14 25 37 9 38 19 15 24
24 17 36 3 41 33 23 46 42 20 1 14 7 4 47 15 32 0 16 6 13 19 5 34 37
28 17 18 49 2 30 16 45 38 42 5 37 46 41 21 32 13 6 33 10 31 27 9 39 20 7 28 8 3
33 18 49 35 2 12 39 8 3 41 33 23 42 27 48 20 1 10 11 14 4 5 34 21 7 0 29 19 37 32 25 24 6 16
20 17 49 35 2 3 33 46 44 40 20 10 11 9 15 26 29 24 32 13 16
25 17 35 36 30 8 3 41 43 40 27 22 10 11 14 4 5 31 34 7 29 24 37 47 16 32
30 17 18 49 35 12 39 8 41 46 44 27 48 20 1 11 38 14 5 9 31 34 21 29 15 19 32 13 47 25 6
31 16 33 15 43 25 3 8 23 39 40 29 14 41 34 19 38 48 45 9 36 42 12 11 46 22 35 18 0 27 24 4
25 17 25 26 6 32 4 22 1 27 28 12 37 35 40 16 9 43 45 44 0 38 13 24 34 39
24 17 49 35 2 36 30 43 23 44 40 48 22 10 11 45 4 5 34 21 29 37 13 16 25
24 49 35 12 39 41 44 27 48 28 22 4 14 16 34 32 37 21 11 5 13 7 26 1 29
24 30 12 8 41 33 43 44 42 40 48 20 10 45 5 9 32 0 13 16 6 7 25 29 19
21 17 18 35 2 36 30 41 44 42 40 27 7 24 20 32 15 31 10 45 37 19
20 17 35 36 8 3 33 6 46 27 11 28 29 32 26 19 5 42 31 4 13
23 17 18 36 39 3 43 42 40 28 22 1 10 14 4 5 29 15 37 32 13 26 25 6
26 17 18 49 30 8 41 33 43 46 44 42 40 27 28 10 5 31 34 21 7 0 19 13 16 24 6
19 18 3 23 46 42 48 28 20 10 45 14 4 9 7 37 32 47 24 6
28 17 18 35 2 30 12 39 41 43 23 46 42 40 16 37 22 7 15 6 1 0 13 20 25 48 34 38 31
22 18 49 35 2 36 12 3 41 23 44 40 34 38 7 24 20 0 9 25 26 5 6
23 17 49 35 2 39 8 33 23 46 44 42 20 45 14 34 21 6 15 16 47 13 19 24
23 35 34 3 33 44 38 15 39 43 9 12 25 31 8 45 37 27 47 32 41 22 21 19
22 30 12 8 3 41 33 43 23 46 40 27 22 4 5 34 6 15 7 25 16 47 37
31 18 35 30 12 8 3 41 33 43 23 44 40 22 20 11 45 14 4 5 9 34 21 0 15 37 6 24 26 16 13 47
23 17 49 35 30 12 41 1 11 43 31 14 4 29 6 23 0 25 21 32 44 13 37 34
29 17 18 35 2 30 8 3 41 33 43 46 42 27 48 28 20 11 38 5 9 31 29 0 25 13 19 16 32 15
27 17 18 49 2 5 36 16 34 3 27 42 33 13 23 45 29 15 46 19 32 22 20 10 14 28 30 43
23 17 35 2 41 1 10 28 39 11 43 19 37 8 9 7 22 24 42 15 23 44 4 38
33 18 49 2 36 30 12 39 8 41 33 46 42 40 27 48 22 20 10 11 45 4 5 9 31 0 15 19 13 6 26 24 47 32
18 17 18 49 2 36 30 12 39 27 28 10 45 0 16 7 34 9 5
25 17 18 2 36 30 12 5 29 16 47 6 44 20 38 13 10 4 7 37 27 24 41 1 48 9
23 17 18 2 3 41 1 27 32 25 47 21 24 6 28 48 31 19 22 0 15 37 7 14
30 17 36 30 12 39 3 7 15 0 27 33 6 25 13 44 32 1 45 5 16 11 28 40 48 37 21 22 31 20 34
25 17 35 2 36 12 8 23 46 34 27 26 11 1 13 25 21 47 29 4 45 22 5 24 37 7
24 17 18 35 2 36 30 8 33 10 19 15 1 34 21 46 5 31 24 0 27 32 47 7 25
22 18 49 36 30 39 41 33 14 5 32 45 25 0 22 28 20 21 16 6 29 19 47
22 17 18 35 30 12 8 41 46 44 42 48 22 10 38 0 29 19 6 37 32 26 21
22 17 35 2 12 8 43 23 25 16 9 37 14 31 26 29 4 34 27 42 45 10 11
21 2 30 39 43 44 42 40 1 11 4 5 9 31 7 29 15 37 32 26 6 16
19 17 49 39 8 41 40 27 13 5 20 34 37 21 6 16 19 45 26 9
21 20 7 33 44 29 25 37 28 38 16 35 12 14 48 3 13 2 6 10 19 1
