50
6 15 21 24 34 6 16
1 46
4 17 6 47 45
2 18 8
4 24 45 49 32
5 45 28 35 18 19
6 43 2 44 46 8 0
7 30 13 32 37 21 47 9
4 45 17 6 3
1 7
5 20 18 38 12 22
2 38 44
4 33 48 36 10
2 7 38
2 35 41
3 0 31 28
4 46 43 28 0
6 2 8 31 36 40 34
4 34 10 3 5
4 40 27 47 5
1 10
7 44 0 36 28 32 7 23
5 43 30 36 33 10
1 21
3 4 42 0
1 35
5 34 39 28 44 38
2 19 38
5 5 21 26 15 16
3 35 33 40
3 7 22 45
5 36 17 15 44 42
3 7 21 4
6 12 38 36 22 29 41
6 18 26 43 0 17 41
5 48 25 5 29 14
7 31 22 21 33 17 12 49
2 39 7
7 10 33 11 27 46 13 26
5 26 45 37 42 43
4 19 43 17 29
4 47 14 34 33
4 24 39 31 44
6 40 22 6 34 16 39
6 21 6 31 26 11 42
6 5 8 39 4 30 2
4 6 16 38 1
4 41 2 19 7
2 35 12
2 4 36
1 44
5 44 29 18 14 49
6 38 20 16 3 29 19
5 2 48 40 32 27
2 6 27
2 45 27
4 22 37 4 7
4 39 45 6 19
3 38 25 15
1 10
5 22 12 9 11 23
3 10 49 37
2 10 19
2 25 14
7 42 20 36 1 17 49 13
4 8 17 48 32
4 46 22 44 2
5 28 20 14 32 15
3 45 1 35
4 12 49 2 7
6 39 31 17 14 37 2
1 36
5 35 40 10 16 6
2 42 10
2 27 32
4 8 35 13 26
3 25 45 36
7 44 24 5 3 4 49 43
3 38 17 40
6 30 34 1 2 48 37
6 38 39 29 32 43 31
4 46 30 35 20
6 30 24 36 3 17 15
1 43
4 38 43 29 40
6 39 25 22 31 18 48
7 38 45 32 14 40 26 21
4 20 6 11 29
6 28 36 8 2 30 34
4 20 30 7 35
5 22 28 34 36 3
1 45
4 44 49 23 14
4 33 30 34 27
5 0 16 27 42 1
7 18 5 26 47 36 7 41
2 16 31
2 45 48
5 3 47 35 15 29
6 42 1 11 27 14 19
