60
34 49 8 5 29 35 37 52 32 45 2 36 33 7 50 43 44 53 34 57 51 38 10 23 40 39 26 18 13 58 19 15 1 9 55
33 24 19 54 50 21 49 57 40 37 16 15 4 23 8 30 2 3 36 29 44 25 33 47 9 53 20 13 12 34 0 28 14 22
34 47 27 0 49 26 17 4 55 5 37 56 38 1 29 23 20 36 35 25 54 44 7 28 40 24 41 9 10 48 34 21 18 46 45
29 57 25 52 23 17 44 14 27 50 42 35 19 45 1 15 54 58 30 39 4 24 43 38 8 32 10 51 59 13
29 48 53 25 19 14 51 31 26 47 20 1 2 42 57 55 33 56 7 50 6 3 5 59 46 22 10 18 34 27
23 0 42 13 50 54 6 2 47 45 52 59 38 44 17 30 10 32 28 4 9 35 53 29
24 49 15 31 43 8 54 18 11 16 32 5 9 35 19 37 39 29 20 4 41 30 13 28 7
23 50 47 43 0 35 58 19 26 52 14 34 4 37 2 8 18 13 28 57 39 12 54 6
22 0 42 54 6 17 51 28 20 14 58 1 34 16 44 36 7 23 40 45 22 3 29
29 47 12 10 40 50 19 43 45 44 58 6 36 35 13 26 33 28 22 51 1 5 2 17 42 11 24 0 59 48
27 30 43 9 12 23 50 16 32 44 20 21 36 56 39 18 25 28 33 0 54 5 4 22 57 3 2 15
31 17 45 21 32 54 23 40 43 15 26 39 46 30 6 49 24 36 42 50 52 56 13 19 47 18 44 31 9 12 38 22
33 54 29 9 55 47 36 10 14 53 21 51 56 19 17 52 59 46 38 32 23 48 58 35 16 41 7 1 24 11 30 25 13 28
31 52 42 5 25 19 38 40 15 32 9 44 49 45 39 16 11 58 26 33 43 7 0 6 1 53 50 55 59 12 36 3
21 47 12 37 44 34 3 4 8 43 33 38 7 48 39 27 46 28 22 1 49 18
34 46 34 6 48 24 55 45 31 11 44 51 36 52 13 1 17 19 49 54 38 3 33 56 32 43 41 25 0 10 21 29 27 42 20
30 58 32 48 10 23 17 6 1 57 22 43 45 54 56 42 38 53 8 59 26 34 20 25 31 49 13 12 55 28 44
32 20 11 3 8 16 37 38 29 25 55 15 2 12 56 50 40 21 19 26 27 5 22 39 30 9 36 47 28 53 44 52 23
25 57 44 45 20 46 6 34 30 55 22 43 10 59 54 11 7 0 19 31 4 38 2 25 49 14
40 54 25 56 1 34 13 39 9 46 4 37 41 42 38 26 58 12 7 15 59 3 20 45 55 57 6 33 23 17 31 28 49 24 11 18 0 40 47 35 27
29 17 38 18 54 55 34 10 8 47 4 35 19 2 27 37 16 31 36 6 59 33 21 43 1 42 52 39 24 15
30 56 36 11 1 38 12 45 40 33 23 10 26 17 28 46 24 37 25 43 52 20 35 58 53 27 42 34 2 15 41
25 30 32 42 26 47 58 46 16 50 18 45 52 29 54 9 40 17 33 8 4 10 59 14 11 1
33 24 39 52 3 45 11 10 59 34 26 16 43 21 38 1 37 49 2 19 12 0 33 8 27 44 58 57 28 36 29 41 31 17
22 23 1 31 15 40 43 59 54 45 11 28 58 38 48 21 19 52 3 2 12 20 9
31 48 19 3 32 13 35 36 4 17 30 33 26 31 38 1 16 10 2 21 59 39 44 29 34 37 55 42 15 12 45 18
30 55 40 37 38 22 11 35 23 57 2 19 4 7 25 27 32 21 9 16 50 59 17 45 13 0 52 48 42 46 51
28 49 2 33 41 28 48 34 37 3 42 57 26 20 50 59 31 17 14 52 56 23 32 44 21 40 4 15 19
34 49 37 48 27 8 55 58 24 32 53 21 56 9 45 10 19 33 31 52 5 7 2 57 47 43 59 23 16 14 6 1 54 17 12
27 0 12 56 35 17 34 41 52 36 51 47 44 33 59 1 46 2 55 40 22 6 25 48 23 15 8 5
26 10 22 33 53 36 44 59 11 46 32 25 34 18 1 40 42 37 31 58 56 3 57 5 6 17 12
29 58 24 6 15 56 41 51 4 53 42 38 34 44 25 46 36 16 30 19 27 20 28 55 40 18 11 48 23 37
25 16 22 11 25 47 0 10 30 6 55 51 13 28 26 46 48 12 38 5 15 27 3 54 43 36
35 30 50 27 36 55 59 49 0 21 41 14 25 29 19 37 51 4 48 35 9 57 10 28 23 1 15 20 34 13 44 46 22 54 40 39
36 51 42 50 15 19 36 23 14 37 27 20 29 46 30 18 31 39 0 8 16 40 7 59 53 44 33 38 25 47 41 48 1 21 2 4 52
25 0 43 51 29 25 26 50 7 9 57 42 3 20 6 36 2 33 48 56 12 21 5 37 40 19
36 42 21 12 33 34 30 25 38 0 43 57 39 15 9 29 52 54 11 10 1 35 2 31 8 47 20 48 51 58 50 17 23 13 45 32 49
29 38 26 0 28 48 14 54 34 17 19 27 1 57 2 23 20 53 33 30 6 21 42 7 25 51 35 46 31 47
34 20 53 37 41 42 58 26 21 13 36 17 19 44 43 12 23 2 39 31 14 50 25 24 16 15 5 0 32 3 34 40 57 11 18
28 23 57 42 19 11 36 59 38 46 34 10 40 13 6 14 0 25 3 47 17 7 41 53 58 45 20 48 33
35 26 44 43 46 24 11 13 9 21 1 53 45 30 17 42 29 34 39 47 22 56 0 57 31 50 8 48 2 38 27 35 33 19 54 49
26 38 27 31 59 19 58 29 33 52 48 43 54 56 57 50 6 46 34 42 2 39 12 15 23 21 53
32 36 13 8 34 22 38 5 39 54 58 19 27 35 57 31 3 4 11 16 45 30 40 43 56 37 41 25 9 20 21 26 15
34 47 10 40 35 52 6 7 11 24 57 9 36 44 0 14 23 38 16 18 49 42 41 48 21 3 13 15 20 28 50 46 45 58 32
36 40 48 18 3 15 45 30 14 10 9 43 38 0 51 55 29 31 1 5 13 47 56 2 8 25 34 54 33 11 50 52 23 27 49 17 16
32 11 23 18 15 51 0 44 21 9 24 59 53 40 5 16 3 55 19 42 22 54 13 28 52 26 8 46 43 39 25 36 2
29 15 40 18 56 11 30 19 34 22 12 39 29 32 49 50 31 21 53 41 33 45 51 43 57 14 4 37 2 26
28 2 43 14 9 7 12 59 32 53 22 4 20 29 5 57 44 40 51 36 11 1 55 39 34 28 19 17 37
33 4 25 56 15 44 28 16 37 27 52 57 58 54 41 33 32 43 24 35 12 14 36 29 40 26 50 34 31 2 59 39 9 49
24 28 0 6 27 56 1 2 33 11 15 23 46 43 13 16 19 44 51 59 14 48 18 40 36
31 7 34 33 5 1 54 53 10 9 35 0 3 22 57 11 17 38 27 59 46 58 26 4 41 55 40 44 36 43 48 13
23 34 52 35 58 45 8 12 4 31 15 44 32 29 33 9 0 47 36 46 37 49 3 26
31 13 3 23 53 58 51 43 0 57 48 15 29 54 36 41 12 7 5 11 22 45 28 21 24 27 59 44 26 20 34 17
27 58 38 57 52 30 4 47 12 50 59 31 0 40 45 16 55 28 37 34 46 1 21 39 13 5 17 41
31 19 12 8 58 11 1 42 50 6 24 37 5 20 52 48 36 16 15 3 45 41 22 18 2 10 44 33 7 40 28 32
26 26 12 15 33 58 20 28 32 17 2 44 18 45 4 19 56 29 53 57 31 50 47 25 16 13 0
24 21 29 19 48 49 46 31 12 2 17 10 16 55 11 28 41 42 44 4 30 40 35 15 27
31 3 18 53 39 52 43 26 48 1 36 35 37 16 27 42 50 4 0 19 55 41 47 33 30 40 7 28 38 46 23 10
30 31 59 53 16 54 52 38 51 55 42 41 19 7 9 22 28 8 48 24 50 3 30 13 12 0 21 36 23 39 43
31 58 47 24 23 30 33 41 53 12 39 45 19 29 27 5 50 16 18 26 34 25 20 52 28 4 22 49 48 13 9 3
33 47 41 18 1 27 21 24 57 28 50 54 29 30 51 4 32 31 45 43 49 13 10 25 8 36 11 55 46 5 40 53 6 44
27 34 15 20 35 9 18 40 3 0 25 37 55 10 42 22 30 50 4 2 14 53 44 26 21 33 12 23
28 34 20 52 41 1 27 6 54 31 32 22 25 53 26 16 50 13 12 56 43 49 19 28 46 29 36 38 8
34 34 20 52 41 18 1 27 6 54 23 55 14 22 30 25 5 44 10 11 50 13 19 46 56 28 45 12 42 7 8 37 49 38 36
24 15 35 1 27 0 23 55 31 32 30 39 44 24 40 59 11 19 46 56 42 49 8 7 57
22 47 15 20 18 27 0 23 32 22 30 25 59 19 3 43 21 38 44 36 13 8 45
31 34 47 20 9 52 41 18 27 0 45 56 53 32 13 19 23 10 42 7 38 2 55 36 58 26 3 29 37 57 43 50
24 34 47 15 52 27 6 54 23 55 14 32 25 39 44 26 50 19 3 42 49 8 4 51 43
33 15 35 18 0 54 23 55 5 53 58 39 44 24 59 10 26 16 11 50 48 2 19 46 3 42 4 45 12 36 21 37 43 7
23 34 15 35 56 6 37 21 52 28 38 45 43 13 42 31 40 1 10 44 18 11 29 24
25 34 20 9 52 1 27 0 6 23 55 33 53 58 39 44 40 28 57 51 49 8 13 21 3 50
25 34 15 20 9 52 41 18 0 32 22 30 53 58 24 26 3 51 37 12 56 50 8 4 48 19
31 34 47 20 35 41 1 55 14 32 25 58 39 44 40 26 11 50 48 13 2 19 46 56 3 49 28 8 37 45 29 57
34 34 15 20 9 27 0 6 54 23 55 31 14 32 22 30 25 5 53 58 59 10 16 50 48 29 46 56 36 42 3 2 37 19 12
25 34 15 35 52 41 1 27 54 12 42 38 22 49 16 40 57 33 3 43 21 32 59 13 53 7
34 34 47 28 39 7 58 31 35 57 9 48 4 13 24 25 22 50 11 53 21 42 41 44 19 5 46 18 1 8 16 30 14 49 38
36 34 47 15 35 41 17 54 23 55 14 32 22 30 25 53 39 24 40 59 26 51 56 37 50 48 49 2 19 43 29 42 13 28 46 8 45
22 34 47 20 52 41 56 21 31 51 44 22 54 36 16 55 42 50 25 19 38 33 24
29 34 47 15 9 52 28 0 1 19 37 32 3 38 42 36 50 11 6 58 26 44 33 51 31 56 27 5 43 8
35 34 47 15 17 18 27 6 31 32 30 33 5 58 39 24 40 59 26 16 11 13 2 42 3 49 29 38 56 28 4 12 37 8 21 7
29 47 12 53 45 25 31 42 54 39 37 56 11 32 38 23 21 36 40 2 35 5 3 13 17 10 1 51 43 6
31 47 15 20 9 52 41 17 1 27 0 23 55 14 32 22 33 5 44 10 26 50 48 19 46 56 42 38 8 37 45 36
29 47 15 35 52 17 1 23 55 31 14 32 13 21 57 16 28 11 39 48 59 50 43 26 30 3 56 45 2 5
34 34 47 20 52 1 27 6 49 16 8 5 57 38 59 42 51 50 45 31 32 7 21 13 26 4 10 3 46 53 30 24 39 56 22
27 34 47 15 9 52 17 0 23 31 33 25 53 4 11 16 46 45 50 51 28 42 26 43 49 57 19 8
33 34 47 15 20 17 1 27 0 55 31 32 30 5 2 45 38 43 16 58 3 13 48 7 26 39 42 36 12 44 50 24 46 59
35 34 47 35 18 1 6 54 23 32 22 30 33 25 53 39 44 24 40 37 50 57 43 7 46 48 51 8 11 12 16 42 49 21 19 2
31 52 18 31 38 30 10 21 25 19 3 23 58 2 49 40 7 5 50 56 37 45 4 6 32 28 14 42 59 0 13 33
28 47 15 35 9 41 18 27 0 54 31 32 22 33 44 24 10 16 50 48 2 19 3 42 43 29 12 51 57
27 34 47 35 9 0 6 55 31 30 44 40 59 16 48 13 2 19 46 38 49 28 37 45 36 12 43 57
30 47 15 1 27 0 23 31 22 4 50 13 38 19 26 25 58 44 49 5 48 53 3 45 11 36 29 39 56 16 46
32 15 20 9 17 18 27 0 23 55 22 48 13 24 53 57 4 37 19 30 32 58 39 33 2 40 50 28 44 29 42 45 25
40 34 47 20 35 52 41 18 27 0 6 23 31 14 21 53 4 16 2 49 48 46 56 13 58 36 43 22 38 57 12 26 25 59 44 7 5 19 28 11 39
25 47 35 17 18 1 27 54 55 31 14 40 10 56 58 28 36 49 37 38 45 24 21 19 26 43
34 7 17 9 24 11 48 45 10 38 15 50 26 41 37 3 42 29 16 12 51 13 1 25 19 2 58 14 6 36 32 23 47 18 57
29 47 15 20 8 29 53 32 54 51 59 58 28 22 56 12 57 26 4 41 37 52 9 43 49 33 1 14 16 39
30 34 20 41 17 18 0 6 55 32 30 33 25 5 44 40 59 50 13 2 46 56 3 8 37 51 45 29 21 57 43
31 34 47 20 35 9 41 18 1 27 6 31 33 58 39 26 16 11 50 13 19 46 3 42 49 8 21 29 12 43 36 57
32 34 15 20 9 17 18 27 6 23 55 14 32 30 33 25 5 53 58 44 50 2 19 56 3 42 51 43 29 57 21 45 49
28 15 20 35 54 23 31 32 22 30 25 58 7 26 46 44 8 16 48 56 12 37 43 59 45 4 10 42 19
26 47 20 9 52 1 27 0 31 14 33 53 26 29 50 42 43 49 10 16 19 56 48 59 36 4 12
23 34 15 35 52 37 28 3 11 36 32 58 45 54 16 48 17 14 6 44 12 2 0 21
36 34 47 15 20 9 17 18 1 27 6 54 23 55 31 14 25 53 39 24 40 59 26 16 13 19 3 8 38 51 57 28 4 21 37 45 7
31 20 35 9 18 0 6 55 14 32 22 33 25 5 53 58 39 44 24 40 26 16 2 46 38 28 8 7 37 45 29 36
34 47 15 9 52 41 17 18 1 0 54 55 31 32 30 25 5 39 7 48 8 57 36 10 29 4 38 26 59 45 12 28 3 43 21
31 34 20 9 41 27 0 6 23 31 22 30 33 25 5 58 39 44 24 16 50 46 3 42 38 8 51 29 36 12 21 43
26 15 52 0 23 32 30 25 39 24 59 26 16 13 2 43 36 45 8 3 21 4 12 37 49 56 29
33 34 5 32 21 37 30 7 12 19 48 55 23 35 25 17 40 15 20 50 24 42 53 26 28 18 29 22 6 0 16 44 54 33
29 34 47 15 52 41 54 31 32 22 30 25 53 58 39 44 40 59 26 16 11 13 8 21 12 29 56 51 49 28
29 15 35 27 0 54 23 14 32 30 33 58 24 40 59 10 26 16 48 2 19 46 3 38 4 7 37 29 51 12
36 34 47 15 17 18 1 27 0 6 23 31 22 30 25 53 24 40 59 10 26 16 11 56 13 3 12 2 45 21 28 8 51 36 37 38 7
23 34 20 35 17 18 0 23 58 24 59 10 26 16 11 50 48 42 38 49 28 7 45 36
24 35 9 7 23 59 3 17 21 14 27 55 10 18 11 32 48 2 24 22 46 40 6 44 41
31 47 15 20 35 1 0 6 23 55 31 14 32 30 8 10 11 50 40 26 58 59 13 43 2 42 24 16 48 57 56 38
21 47 20 35 41 17 0 28 48 42 16 3 26 13 8 2 39 49 44 33 7 14
30 47 52 17 1 0 6 36 10 8 25 31 12 33 3 38 21 4 56 13 29 43 58 16 22 53 59 7 57 44 42
32 20 35 9 17 18 27 6 23 55 32 22 30 33 53 58 39 40 59 16 11 50 48 13 2 19 46 21 36 12 38 3 4
26 34 15 35 0 6 23 55 31 14 32 22 53 58 44 24 59 10 26 42 38 28 37 29 36 4 12
30 34 15 35 41 18 27 6 55 31 32 30 33 25 53 57 19 48 13 11 12 39 10 37 43 38 45 8 56 49 51
29 35 52 27 23 55 14 32 22 25 5 53 39 44 40 36 4 46 51 29 56 13 16 42 49 50 57 19 8 48
