60
5 49 20 24 26 28
2 28 53
6 36 13 12 47 48 34
5 29 32 51 28 7
9 53 49 31 56 20 47 38 25 54
2 15 19
4 45 40 12 42
2 8 3
3 7 21 12
6 32 11 45 38 19 28
1 17
2 40 9
5 59 2 43 6 8
6 52 49 2 41 38 15
2 42 19
5 41 18 46 5 13
2 51 18
3 36 47 10
5 15 16 51 28 59
5 43 20 14 9 5
8 32 36 0 30 45 19 57 4
4 53 42 41 8
2 27 51
2 45 39
5 36 0 56 30 58
3 56 4 36
3 50 42 0
1 22
6 1 0 9 3 18 51
3 3 54 35
4 20 35 24 31
3 4 30 43
8 20 9 55 3 56 39 50 45
1 51
5 48 35 51 52 2
7 40 51 52 30 34 29 44
6 2 24 20 17 41 25
2 47 53
3 9 4 13
2 23 32
4 11 35 6 54
4 15 36 13 21
6 51 54 14 26 21 6
4 19 12 55 31
1 35
6 23 9 20 6 32 47
2 52 15
6 37 17 2 56 4 45
3 34 52 2
3 0 13 4
3 55 26 32
9 33 42 35 3 16 34 18 22 28
6 13 55 35 46 48 34
5 21 37 4 54 1
6 29 42 53 40 4 55
5 32 50 52 43 54
5 32 25 24 4 47
1 20
1 24
2 12 18
4 9 15 27 28
2 16 22
3 39 41 23
6 42 47 29 55 37 45
3 59 42 55
1 6
9 51 12 38 20 26 5 45 27 57
4 47 50 11 42
8 51 17 43 44 31 22 33 16
4 16 0 29 57
2 26 32
4 53 32 57 7
2 6 38
5 46 17 30 23 43
6 47 45 27 35 37 44
2 17 0
6 9 17 43 1 8 55
6 8 15 16 24 13 26
1 27
1 20
2 19 6
5 52 42 31 41 34
2 1 8
4 29 13 2 44
3 39 17 47
2 51 53
6 52 10 51 17 38 6
7 48 41 45 0 6 14 18
6 39 48 0 57 32 44
5 3 9 53 58 23
2 57 13
5 39 21 56 8 55
5 10 39 11 36 28
3 54 8 44
1 21
2 50 14
2 55 32
3 3 45 14
5 50 12 6 26 58
9 32 49 2 31 43 55 24 56 28
1 43
4 43 21 27 2
6 3 4 43 21 56 7
8 52 39 13 8 42 41 16 40
5 8 23 33 14 28
5 3 37 27 6 14
2 50 13
6 3 14 49 7 24 50
3 51 28 27
3 52 39 47
5 46 47 7 38 35
5 48 8 6 26 25
5 49 43 21 54 26
3 25 11 29
3 52 33 57
6 3 39 4 36 16 31
3 39 31 42
6 9 30 11 54 6 28
2 29 38
1 4
