70
38 15 40 30 28 39 18 50 54 26 56 49 36 10 24 47 42 38 16 29 68 35 23 13 5 7 46 27 3 55 12 9 17 37 43 21 1 52 14
38 24 12 21 50 22 46 37 68 60 19 54 16 14 40 69 58 20 61 64 27 30 42 29 48 36 8 4 13 47 59 23 66 6 26 25 55 57 0
35 10 14 16 9 50 15 3 23 52 44 17 64 32 7 20 33 43 67 13 47 19 12 25 65 27 11 59 45 29 56 53 39 49 63 66
38 55 14 65 2 61 59 42 30 34 38 66 16 20 64 37 25 17 49 8 6 15 58 52 7 0 23 22 18 10 40 56 57 9 47 50 35 24 39
32 22 51 44 37 42 35 34 8 18 25 30 65 20 11 47 61 17 26 33 59 24 1 66 29 15 39 48 56 9 53 49 46
30 51 68 55 11 8 30 35 43 67 54 56 28 6 48 57 45 61 10 0 50 62 34 21 47 19 16 44 24 14 17
34 56 19 64 46 63 48 21 10 30 45 31 25 11 5 55 34 12 16 3 68 66 13 24 14 49 54 43 47 1 20 52 32 33 39
36 64 62 58 45 25 19 63 10 61 55 20 12 47 23 22 2 13 28 37 26 29 54 59 49 3 53 0 24 32 48 50 56 40 31 35 68
30 52 58 31 63 33 5 49 19 68 21 17 45 10 26 4 41 35 67 3 22 1 61 25 14 42 11 38 16 12 13
36 40 47 2 66 57 59 30 52 38 11 44 34 50 56 68 32 21 36 19 55 26 17 13 24 22 43 69 65 3 4 51 0 63 33 27 20
35 14 32 23 2 35 63 7 44 47 34 43 67 8 20 66 6 27 0 54 21 12 60 39 50 5 41 15 69 25 36 3 57 64 48 55
36 63 43 23 24 5 29 15 13 18 68 17 60 49 66 64 9 59 6 39 37 4 51 42 30 56 27 2 38 58 41 8 62 35 26 12 55
32 54 32 1 21 36 61 46 66 7 31 43 16 10 35 17 6 63 2 40 38 69 24 15 0 64 22 14 11 65 62 33 8
36 46 27 11 68 31 18 52 7 34 47 69 64 2 14 28 39 61 36 66 26 9 40 23 0 20 1 67 48 58 6 44 35 19 29 16 8
34 10 46 69 2 3 49 37 39 64 44 1 57 33 55 63 48 42 13 40 41 26 51 19 20 6 59 16 27 34 8 45 12 0 5
33 0 51 28 24 11 2 36 41 66 35 50 69 19 42 62 3 43 26 38 22 10 17 4 56 30 27 12 37 20 49 60 21 32
44 51 53 63 2 24 33 52 27 26 50 47 42 18 34 1 22 49 3 12 40 56 44 19 37 6 35 17 0 57 41 59 29 36 14 54 13 5 69 67 66 48 65 8 32
40 26 63 23 43 36 31 8 2 48 11 47 42 67 40 18 69 3 59 58 12 39 38 41 16 4 9 62 15 46 28 21 68 60 57 51 0 61 20 34 5
32 29 57 51 63 60 27 49 66 35 0 11 45 23 19 16 4 42 13 62 30 28 17 64 46 22 36 44 59 34 3 50 67
39 6 53 27 7 25 8 48 68 62 24 1 39 18 46 51 45 60 66 15 35 16 61 50 44 30 2 9 42 22 21 31 29 14 57 5 13 43 67 33
38 24 35 48 57 69 36 27 67 7 41 10 2 55 3 1 4 60 58 26 13 31 34 63 14 23 33 53 51 65 56 15 54 6 17 9 64 46 43
37 35 28 12 1 31 33 27 69 49 55 8 6 30 51 38 60 10 64 41 9 36 29 39 48 62 19 5 40 24 17 25 0 22 15 45 34 65
35 4 69 48 62 1 67 60 47 35 31 52 7 16 41 28 24 63 8 18 42 9 19 15 53 57 34 44 68 3 25 37 45 32 12 21
33 10 52 69 11 50 17 35 2 32 37 47 18 7 68 36 66 24 40 55 57 0 13 38 28 51 63 3 27 20 1 39 67 43
37 57 20 48 26 1 16 45 11 15 49 35 46 19 39 22 0 23 34 40 66 58 25 65 9 4 12 7 50 38 32 6 62 21 64 3 69 5
27 41 7 43 19 56 66 4 6 3 61 58 24 35 2 57 67 68 64 8 42 29 10 22 52 1 21 48
35 35 17 24 37 66 65 38 16 8 40 56 0 30 50 27 69 7 42 20 51 52 9 55 13 4 15 14 58 44 43 1 31 11 62 41
36 18 50 19 13 21 16 40 51 20 28 10 26 53 45 1 33 67 54 58 64 2 11 46 38 15 0 61 56 48 23 14 30 35 34 42 9
35 37 32 21 0 15 39 34 49 42 63 27 69 38 52 22 18 53 44 5 7 50 64 58 46 13 47 68 23 56 43 48 17 60 57 59
33 18 65 48 47 59 11 53 64 31 45 36 55 58 68 34 66 7 41 56 0 1 51 21 16 4 33 2 19 25 13 46 63 38
34 50 0 34 5 32 21 26 3 41 6 9 18 57 4 69 68 66 1 19 48 59 11 58 49 47 15 61 56 44 27 64 60 65 52
34 61 8 47 21 52 17 56 41 13 22 29 62 6 12 55 38 51 44 64 36 35 20 19 57 60 45 26 50 43 7 48 59 69 37
29 54 10 28 12 49 44 23 30 2 60 39 51 9 52 59 46 24 7 34 58 43 35 22 63 6 15 38 16 61
30 21 16 8 51 36 64 58 14 2 27 66 34 69 63 37 4 68 29 52 49 41 20 54 43 50 62 9 6 12 19
39 55 30 47 28 10 53 56 4 65 46 64 54 16 3 13 9 37 29 24 6 33 58 44 69 45 67 35 20 22 5 32 18 14 66 68 27 38 21 17
41 67 26 20 21 10 18 23 24 22 4 68 5 63 40 8 49 15 57 19 12 59 69 39 16 46 0 25 45 31 58 34 53 41 60 13 27 32 11 3 7 52
31 66 12 17 46 15 20 33 56 55 0 29 69 23 9 21 37 52 47 13 31 1 18 58 54 57 63 16 53 64 10 43
30 28 26 4 1 14 23 65 38 58 57 60 59 3 7 41 34 11 66 16 36 33 61 53 69 62 22 15 39 0 31
38 45 52 65 26 66 56 37 28 47 21 3 9 54 40 31 63 0 51 17 60 12 58 15 23 27 11 24 46 53 49 39 8 34 42 48 29 59 32
33 44 52 0 63 28 53 40 14 50 19 24 68 42 32 11 49 17 10 35 13 21 65 58 43 4 2 59 37 38 23 6 3 61
32 9 0 49 64 59 27 52 39 56 60 26 35 1 17 38 62 44 16 23 24 42 53 14 61 12 13 21 65 3 7 50 47
35 42 55 25 63 56 31 50 58 20 15 8 30 22 45 61 57 37 21 59 66 29 52 17 14 68 16 47 10 54 33 35 43 11 46 26
34 41 67 51 28 4 46 52 16 47 17 3 56 18 39 59 57 45 15 40 14 0 26 54 11 62 1 22 19 25 8 27 38 68 53
34 11 69 17 25 10 62 48 5 67 53 50 12 2 66 15 9 61 28 6 26 39 41 57 32 19 44 36 33 31 0 46 49 23 20
33 39 51 4 56 67 50 10 48 32 2 14 46 68 28 69 9 40 31 16 58 62 19 34 52 18 22 30 26 13 43 5 60 64
34 61 38 24 7 64 69 8 18 56 19 63 6 29 41 27 42 53 46 58 50 60 5 57 54 35 34 2 31 62 59 14 22 49 21
34 13 14 64 53 1 36 6 12 65 42 24 34 19 44 18 49 45 52 28 35 69 68 27 0 32 17 38 62 29 54 43 41 4 20
36 9 50 29 31 63 34 69 22 10 16 23 62 42 38 17 7 61 13 0 56 2 4 55 36 57 28 41 30 1 54 5 64 6 66 3 40
36 20 22 24 29 61 6 44 19 43 63 17 50 5 14 59 30 60 1 21 68 13 51 53 27 28 69 7 4 52 10 31 25 56 16 38 54
37 18 40 24 14 53 55 28 8 21 32 63 11 0 16 35 39 46 3 65 7 56 30 69 33 6 52 2 64 45 57 38 66 59 15 4 43 50
42 30 51 47 63 64 61 27 23 1 2 44 41 0 55 16 39 48 43 26 69 15 58 9 28 45 19 56 10 59 68 5 24 66 7 31 33 3 53 40 18 49 65
35 16 5 18 50 4 44 15 61 64 33 42 27 55 21 19 32 53 31 59 11 38 66 26 69 29 23 52 48 14 67 20 17 9 60 65
36 8 23 39 38 31 16 40 2 69 59 42 28 22 55 9 13 66 46 41 36 3 26 54 32 44 51 33 49 25 48 30 68 6 0 58 35
30 59 16 19 46 49 39 34 29 43 28 27 51 45 57 40 58 7 22 37 35 36 48 2 60 20 38 65 4 50 42
26 32 12 60 64 0 1 34 5 57 10 38 68 27 7 42 45 52 36 47 41 6 16 33 46 20 48
29 41 3 34 5 49 7 50 51 21 64 52 36 62 68 29 14 20 31 6 56 23 47 9 26 67 0 1 10 11
43 6 44 41 58 31 25 34 40 38 60 26 0 42 45 36 5 59 66 9 16 64 65 55 47 67 50 57 29 11 49 63 15 28 30 27 2 4 7 3 69 20 48 62
35 24 18 20 9 60 62 54 37 30 14 41 64 42 35 53 5 56 23 45 16 25 47 36 22 59 31 63 43 10 3 19 17 49 1 28
33 8 64 7 56 41 37 66 33 1 29 50 17 28 25 34 44 45 20 27 3 53 24 38 30 26 36 35 13 39 32 11 65 52
36 53 29 40 52 3 9 56 42 37 11 17 35 41 51 48 7 30 50 61 4 16 2 32 57 18 62 1 14 45 39 68 49 28 31 38 67
32 18 54 22 1 64 57 56 40 11 32 21 37 63 19 68 10 20 45 69 48 67 38 65 31 53 28 35 17 30 51 15 44
30 31 45 50 48 51 12 7 3 69 66 47 1 41 25 19 13 4 5 40 37 59 68 8 43 27 30 64 17 39 32
29 22 7 43 19 57 47 31 18 55 66 40 15 44 42 21 17 68 5 59 37 24 64 45 46 11 33 26 12 56
32 18 41 16 8 11 50 17 47 39 10 6 7 28 49 48 35 45 60 14 38 12 22 33 56 36 23 20 57 9 2 32 29
42 7 46 58 50 6 67 51 40 54 60 29 68 45 34 33 14 55 2 11 3 18 1 57 21 28 13 56 31 27 25 36 47 62 61 10 30 49 12 24 20 65 44
28 29 3 38 26 46 34 37 4 56 49 24 60 67 2 39 9 40 58 20 30 53 66 12 21 64 16 51 50
39 36 26 18 9 38 12 25 58 10 61 11 52 3 15 56 62 19 68 23 30 29 33 37 43 41 51 6 13 24 4 50 1 34 47 65 49 2 16 69
26 35 42 64 22 44 20 10 5 43 17 2 27 8 56 60 65 25 34 13 55 51 19 16 23 18 59
36 5 1 13 64 19 8 35 11 39 23 44 55 60 29 9 30 66 54 6 0 41 50 33 61 28 25 46 48 62 22 17 34 59 52 42 7
37 22 14 23 20 43 47 21 52 45 61 28 1 44 50 30 17 36 13 15 26 35 33 60 51 46 12 34 9 49 37 10 48 56 16 24 66 31
30 65 33 48 68 56 27 61 26 43 16 46 17 50 18 29 24 12 60 5 37 20 30 31 57 51 1 36 7 62 19
36 28 48 68 42 0 59 26 35 58 11 6 63 19 39 17 18 67 16 41 32 52 49 21 64 51 14 3 66 36 27 60 55 5 12 62 25
37 65 59 24 62 19 57 63 7 18 54 50 20 58 11 12 22 14 61 43 69 5 45 21 35 13 29 15 34 9 16 23 64 56 3 67 30 41
43 10 28 33 48 68 42 44 59 1 63 7 54 31 12 66 22 6 14 61 69 45 36 38 60 51 13 29 34 9 16 23 25 27 67 52 41 32 4 37 47 26 2 55
28 28 33 48 59 62 7 54 50 11 12 6 14 69 21 36 49 38 15 16 23 64 8 3 27 67 32 37 41
41 10 33 48 68 44 0 24 1 62 19 63 7 39 46 54 50 20 58 11 31 12 66 61 53 69 37 17 26 38 16 47 52 2 49 15 29 27 8 60 67 56
33 10 65 28 48 44 1 19 7 39 46 50 31 4 9 34 52 8 32 61 29 45 25 27 17 69 41 60 3 64 43 15 26 36
44 10 65 28 33 68 42 0 62 19 57 64 8 26 11 43 56 66 12 23 34 51 39 69 20 16 38 3 13 46 21 5 18 47 60 52 6 45 40 2 37 41 9 4 53
30 28 48 44 7 46 54 20 66 22 6 69 5 45 21 36 49 38 51 35 29 15 9 16 23 64 52 47 27 67 4
36 65 48 68 42 44 24 19 57 7 18 46 54 50 20 11 31 66 22 6 14 61 36 35 13 30 26 23 52 67 17 64 8 2 56 3 40
38 63 38 14 22 49 39 23 40 12 3 16 45 24 11 34 51 36 7 6 17 5 58 19 68 44 15 66 33 25 62 59 18 21 35 50 65 56 57
37 10 65 33 48 68 42 44 59 1 62 63 7 46 54 50 20 58 47 9 12 29 16 5 15 49 69 38 41 27 31 4 23 36 53 55 32 2
35 10 65 48 44 0 59 1 19 57 63 7 18 54 11 5 21 41 4 36 38 3 14 23 66 2 51 64 56 25 27 13 35 61 55 60
33 28 48 68 59 24 19 57 7 39 46 20 12 22 14 61 53 69 49 38 35 64 3 37 23 9 15 17 2 27 55 56 67 32
34 10 65 33 48 68 42 59 1 63 39 46 50 12 66 23 69 53 60 47 2 17 41 9 52 27 16 34 30 3 13 32 67 4 56
34 10 65 48 42 62 19 57 18 39 46 54 11 66 22 6 53 69 5 45 36 60 51 35 13 29 32 8 4 16 56 2 17 55 40
37 10 28 33 48 42 44 0 1 57 63 7 39 50 11 22 14 53 43 5 36 49 38 35 29 15 8 25 26 4 3 2 56 32 47 41 52 23
36 10 65 68 42 44 0 59 1 19 18 46 20 58 31 22 6 14 43 69 5 49 60 51 13 15 9 23 56 40 25 52 67 30 55 32 41
40 10 28 33 48 68 0 59 1 62 63 7 12 26 58 35 45 61 9 34 51 37 38 39 2 52 27 49 36 60 55 15 22 50 17 67 47 64 30 54 69
36 10 65 28 42 44 0 59 1 15 66 17 61 39 56 69 34 2 32 57 22 49 30 45 41 12 38 58 54 37 9 27 13 5 46 6 7
35 65 33 48 44 0 59 62 63 7 39 46 50 2 9 55 37 67 34 5 61 56 60 22 11 26 51 8 47 69 13 17 31 21 29 53
30 10 65 33 48 44 1 57 63 7 20 58 12 22 61 43 69 45 4 36 27 47 67 52 60 41 30 8 2 55 49
35 10 68 44 19 63 18 39 50 20 58 66 21 53 49 69 16 51 26 2 36 56 8 13 23 32 27 15 34 17 3 35 9 67 47 52
42 10 65 28 33 68 44 59 24 63 7 39 46 58 11 12 66 22 14 61 43 49 38 60 35 13 29 34 9 16 64 26 32 30 25 2 27 3 52 17 41 8 4
35 10 28 33 68 42 44 0 57 53 58 5 26 13 34 69 35 37 54 41 66 40 50 62 67 49 23 60 63 2 31 45 47 32 9 25
29 10 65 33 68 42 44 59 24 1 57 54 50 58 12 6 61 69 45 60 34 16 23 64 56 32 55 17 3 37
32 28 42 44 0 59 24 1 62 57 7 18 39 54 20 58 22 6 53 43 5 45 36 49 60 29 34 9 16 23 3 47 67
33 65 33 44 0 1 19 18 54 11 31 12 66 22 6 14 53 43 69 5 45 21 36 49 60 13 29 23 56 8 3 32 41 4
35 24 57 7 59 23 63 33 58 56 13 18 32 53 44 54 43 35 37 19 34 46 62 31 4 66 1 52 29 6 3 8 49 16 26 41
34 28 68 42 44 0 57 39 46 50 20 11 66 6 61 69 5 36 60 51 30 32 2 3 26 8 15 27 23 67 47 40 55 52 16
30 65 33 48 68 44 0 62 19 18 46 31 66 14 61 53 21 49 38 60 35 29 34 9 23 64 52 2 41 17 32
27 65 28 33 48 42 44 0 24 46 50 20 11 60 35 3 41 30 27 5 47 37 17 32 51 6 56 9
42 65 28 33 42 44 24 1 62 19 57 39 54 50 11 31 66 22 6 14 61 43 69 45 38 13 29 15 34 16 23 64 40 25 3 47 27 67 30 55 37 17 4
38 10 28 25 57 4 30 52 51 14 69 36 41 7 54 32 21 31 18 16 0 42 63 27 56 44 58 20 39 24 38 3 47 59 34 23 5 11 49
36 10 65 28 33 48 68 42 44 59 24 19 7 18 20 58 22 6 14 61 69 45 36 38 60 51 23 26 2 55 30 3 25 47 40 32 41
34 10 28 68 42 59 24 1 62 63 18 46 54 58 31 12 22 61 53 43 45 49 60 2 55 9 37 8 23 41 30 47 13 15 16
38 10 33 0 59 1 62 63 18 50 58 11 12 66 22 6 61 53 69 21 29 56 4 41 3 34 40 38 26 64 67 27 15 8 16 49 51 9 52
26 28 68 0 24 19 7 18 39 46 54 20 58 31 66 69 5 51 35 13 64 25 3 52 67 32 4
32 10 65 33 44 59 62 19 57 7 18 50 58 11 12 66 5 36 49 16 32 52 56 3 67 55 13 51 8 30 4 23 34
32 10 33 48 1 19 7 18 6 47 64 26 67 66 16 41 5 29 58 46 51 55 14 22 32 15 20 45 13 52 69 23 37
26 10 65 68 42 44 24 62 7 54 66 53 43 69 45 36 60 51 29 15 34 9 56 67 32 47 17
39 65 28 33 48 42 59 24 1 62 19 63 7 39 46 58 11 31 12 6 14 43 69 45 21 36 60 35 34 16 23 64 56 3 27 30 55 4 17 2
34 65 33 68 3 46 32 15 26 9 50 24 14 29 61 31 1 25 69 62 7 17 41 19 11 57 16 40 35 34 54 56 53 43 49
30 28 48 42 0 59 62 57 7 46 54 50 66 6 64 45 32 27 41 69 2 26 21 17 56 16 60 40 35 23 55
36 10 28 33 32 55 27 29 31 46 26 24 30 25 54 62 34 58 20 19 22 21 12 6 40 52 16 8 11 53 9 23 3 38 61 5 17
31 10 65 59 24 62 19 63 7 18 39 54 50 58 6 61 43 41 15 3 25 2 21 56 34 27 40 47 26 8 32 35
39 65 28 68 42 44 0 59 19 57 63 7 39 8 66 31 9 17 55 11 49 15 64 29 67 41 5 30 23 13 14 51 20 50 61 6 47 35 37 43
35 65 33 68 59 24 57 7 18 39 46 54 20 58 11 31 22 14 61 5 45 21 60 51 35 29 34 16 8 40 3 67 55 32 52 26
32 65 20 64 13 21 51 5 69 0 39 31 14 4 54 1 34 30 18 12 43 52 11 41 6 63 49 9 3 59 8 16 15
33 10 28 33 48 42 24 1 19 57 18 46 50 58 11 22 53 5 21 36 13 56 26 8 38 23 17 51 16 4 27 35 52 30
37 10 65 68 42 0 59 24 62 63 18 46 5 22 61 43 66 2 16 25 14 64 36 67 32 60 45 6 49 9 55 38 11 31 20 29 69 4
34 10 65 33 48 0 1 57 63 7 18 39 46 20 31 12 66 22 36 49 38 60 37 64 15 56 34 3 52 47 29 40 55 17 8
36 65 28 33 48 44 59 1 57 7 18 39 22 6 14 61 53 5 21 36 49 38 60 51 29 9 16 23 64 56 8 3 47 30 55 17 37
29 28 42 44 59 24 62 63 7 20 58 11 22 14 40 16 13 67 49 64 56 52 15 69 27 35 5 26 36 30
38 65 28 33 48 42 44 59 24 19 57 63 18 11 5 9 47 2 45 66 37 60 25 67 27 12 61 69 26 58 43 8 64 4 3 40 32 15 35
29 68 44 1 62 63 18 39 46 50 20 11 12 61 43 21 38 51 35 13 29 15 34 25 3 47 52 41 17 32
36 10 28 33 42 0 59 19 7 20 58 31 12 22 14 61 53 43 5 45 36 49 38 60 51 13 15 9 16 64 2 52 25 41 40 17 27
34 10 65 28 33 68 42 0 24 62 19 15 2 16 21 49 32 13 47 43 25 26 9 51 38 60 12 64 46 54 52 7 66 69 29
33 10 65 28 33 44 24 1 19 18 39 54 56 2 23 5 53 21 34 17 45 41 11 38 25 47 36 22 64 26 66 49 37 35
36 10 28 33 48 38 34 41 47 52 14 56 36 1 13 69 23 3 17 53 50 45 46 25 12 18 19 11 20 35 2 4 64 26 43 66 54
35 0 24 1 57 63 7 18 54 50 20 31 12 6 14 61 43 5 21 51 25 26 3 23 27 29 30 47 52 41 56 17 34 40 35 15
34 42 44 0 62 19 18 46 54 50 20 12 6 30 34 56 3 60 55 25 36 64 13 32 45 5 47 67 29 23 35 9 52 2 21
32 10 65 28 42 44 0 24 1 40 53 50 45 30 15 41 61 35 7 5 18 26 38 36 2 11 63 32 20 57 4 55 43
33 10 28 33 48 24 1 62 64 22 11 45 60 41 5 23 2 46 51 55 35 12 36 20 18 3 14 66 21 54 16 67 50 53
35 48 68 59 1 57 63 7 18 39 46 54 50 58 12 66 6 61 53 43 36 51 13 9 23 30 32 25 8 52 41 2 56 37 67 4
38 10 11 62 50 23 20 15 21 17 67 46 40 7 57 38 2 27 54 30 32 66 14 51 6 9 45 0 48 19 34 52 58 41 42 12 31 25 47
36 10 65 28 59 24 1 19 57 63 7 39 46 54 50 58 12 23 38 64 22 8 29 43 37 40 27 32 15 36 30 3 9 14 5 69 51
32 65 24 1 63 18 39 46 54 50 20 22 14 61 53 5 21 36 38 13 29 9 64 8 40 3 47 32 26 17 2 37 4
30 10 64 17 25 1 0 14 5 35 37 40 3 22 42 9 47 29 30 24 23 55 69 50 34 46 7 13 11 57 18
39 33 48 68 42 59 24 19 57 7 18 39 54 50 20 11 66 22 6 14 53 43 25 34 8 3 4 15 32 40 21 27 13 2 29 37 5 41 17 36
