70
2 1 68
5 5 3 0 16 60
3 41 66 26
4 21 1 12 25
6 19 38 61 60 45 68
3 1 23 49
9 57 48 53 64 31 39 7 54 14
2 10 6
5 53 48 24 50 43
3 51 54 64
4 50 7 62 68
3 13 47 57
1 3
5 46 11 24 18 54
3 55 16 6
3 45 60 23
5 35 39 14 19 1
2 42 38
6 57 19 13 51 55 54
8 23 18 4 47 16 68 27 52
2 46 45
2 3 68
3 45 60 41
5 5 19 49 42 15
9 48 61 8 36 13 59 34 31 39
3 69 3 46
2 47 2
6 39 69 47 19 56 64
4 31 46 66 38
2 65 48
1 62
5 28 38 64 24 6
1 39
1 54
5 45 42 59 24 36
6 16 43 62 40 54 53
3 24 51 34
1 50
4 31 4 28 17
6 27 16 32 24 6 46
3 55 35 51
2 2 22
6 34 60 17 46 69 23
3 35 52 8
1 52
7 34 15 22 4 58 59 20
6 28 13 20 42 25 39
5 26 60 19 11 27
6 24 8 49 61 6 29
6 23 58 48 5 54 55
4 10 37 8 55
5 56 9 40 18 36
3 19 43 44
3 8 6 35
9 9 49 33 35 60 6 57 18 13
5 14 40 50 49 18
4 51 63 67 27
6 18 68 6 54 11 63
2 49 45
4 34 60 24 45
8 42 59 47 22 4 54 15 1
3 48 24 4
5 30 63 66 35 10
3 62 56 57
4 9 31 6 27
1 29
3 2 28 62
1 56
6 57 21 0 19 10 4
3 27 25 42
4 22 2 65 39
2 43 66
4 17 0 5 31
3 55 38 61
4 47 27 15 48
1 2
5 58 42 32 47 67
5 8 28 60 9 42
5 53 54 55 7 67
6 63 7 10 47 14 61
9 17 30 62 11 59 56 36 29 9
3 34 10 62
1 65
2 55 39
1 9
3 4 49 65
3 17 60 18
5 40 62 10 2 16
3 42 16 51
4 63 23 47 29
2 37 62
9 63 23 30 44 41 60 66 67 49
2 63 0
3 27 21 19
3 26 64 65
2 26 57
3 25 24 32
5 23 44 59 69 4
3 63 31 7
5 63 10 64 68 19
5 58 61 10 44 21
5 28 44 69 66 2
2 26 6
5 54 52 42 66 45
6 42 68 11 67 43 39
2 61 43
5 10 43 45 56 59
1 20
3 3 47 45
6 53 34 0 42 13 49
3 63 17 60
1 21
8 34 7 44 33 6 39 47 18
7 34 52 35 57 36 1 56
6 30 49 42 27 31 21
6 46 33 36 67 61 38
2 45 68
6 42 9 38 6 4 19
1 4
6 63 58 44 21 39 15
1 55
1 18
3 43 67 33
2 8 39
3 8 33 66
4 8 13 50 3
4 10 36 43 67
3 43 67 25
3 30 6 49
3 10 36 27
6 7 16 65 69 21 40
6 30 35 3 64 9 45
6 63 17 10 20 66 11
9 49 62 40 19 29 9 22 21 28
4 29 61 24 68
5 0 12 60 15 24
6 54 33 62 1 21 31
8 8 34 52 57 45 6 21 56
4 34 46 64 29
3 60 31 27
