80
47 46 48 44 6 21 9 1 63 24 74 75 27 22 60 51 49 12 61 7 31 52 59 8 47 58 62 28 4 30 54 25 23 26 68 79 38 20 53 36 78 67 72 35 37 65 71 57
39 66 57 37 76 51 25 0 67 79 53 55 52 31 29 19 7 49 9 40 17 39 26 43 58 42 34 56 69 70 64 30 68 65 38 33 5 2 61 22
34 73 62 66 44 71 60 55 52 43 12 33 70 5 13 56 39 17 24 45 15 54 78 16 10 36 34 38 75 8 65 31 7 1 3
34 22 9 8 18 46 60 68 33 58 55 39 40 19 11 13 10 71 77 49 73 72 17 35 47 42 26 31 64 24 25 78 43 67 2
38 77 49 74 62 44 16 39 23 73 66 6 76 52 5 24 46 7 70 18 63 33 34 0 54 8 36 30 15 37 9 64 58 67 27 60 26 42 41
36 47 15 40 17 29 35 76 57 20 69 2 55 4 49 33 37 27 70 28 21 62 68 13 24 25 53 12 18 56 1 11 77 74 32 19 63
33 45 0 65 23 31 36 67 28 68 9 70 52 30 72 11 17 13 40 4 38 60 14 53 71 64 15 19 22 39 54 56 25 16
35 41 40 20 53 22 13 34 18 73 55 61 24 46 30 12 1 39 42 32 67 29 36 0 4 31 21 16 78 62 65 76 58 10 2 38
44 39 3 68 77 75 40 14 34 47 65 17 63 24 73 11 76 69 29 48 37 0 67 42 71 61 15 49 4 19 13 41 55 64 70 53 27 2 28 78 56 79 10 23 33
35 3 35 68 33 57 0 79 69 65 53 6 44 1 47 64 52 34 10 73 42 39 24 25 51 55 58 49 60 4 18 54 50 66 72 19
38 79 38 13 18 19 34 11 43 48 59 24 26 41 3 66 25 60 67 44 2 73 9 42 61 16 53 56 31 21 46 75 35 7 12 68 27 8 78
39 59 50 67 66 42 75 40 78 34 18 20 45 13 6 10 68 3 70 17 8 19 69 64 72 65 27 51 36 71 76 58 23 57 29 63 24 5 41 77
39 36 66 52 70 46 60 61 24 2 41 53 21 7 77 17 43 55 0 78 68 30 57 44 49 20 35 14 72 63 22 74 45 5 47 62 71 37 10 73
46 70 55 46 57 60 52 7 10 35 17 59 72 66 73 21 11 27 2 36 3 62 6 65 67 28 39 79 78 74 51 33 31 29 50 71 5 30 49 63 8 14 24 56 20 61 76
38 40 78 37 16 75 8 28 71 21 38 41 39 24 57 36 69 76 26 6 51 66 46 32 72 34 17 70 13 12 61 55 77 25 79 50 58 27 48
33 36 30 5 60 45 55 29 18 58 71 57 19 49 23 73 59 2 48 40 54 6 8 43 17 37 33 4 21 74 27 63 25 32
36 65 27 28 14 52 4 51 34 18 72 58 23 73 43 75 54 32 22 59 36 20 2 77 63 30 78 10 35 38 7 47 76 25 6 42 79
47 79 32 39 58 5 61 21 28 19 13 24 42 48 8 29 65 46 6 59 63 11 38 2 75 74 12 33 31 70 1 23 40 3 34 15 22 14 62 25 30 53 55 66 67 71 37 43
47 3 65 72 70 77 15 16 7 10 11 51 59 64 33 54 55 66 24 47 40 57 48 78 60 35 68 79 49 27 41 4 45 39 42 32 36 28 58 19 62 22 9 5 30 73 44 25
43 40 65 72 43 76 34 17 50 48 20 10 57 44 15 1 3 30 60 41 28 64 70 11 26 21 37 23 35 59 47 38 6 77 33 8 18 27 67 55 32 9 68 5
37 61 54 58 7 56 45 37 66 44 39 31 5 11 19 68 73 38 32 28 16 23 34 43 60 62 74 50 12 55 24 0 13 21 59 36 30 47
43 68 49 35 67 0 55 33 44 17 22 25 34 51 53 62 13 14 12 58 64 78 69 37 19 79 24 54 5 28 47 77 56 7 61 71 60 59 15 10 38 65 20 36
41 3 59 79 68 7 27 21 32 72 41 51 25 66 46 34 42 0 16 77 55 78 40 44 35 67 47 17 64 29 63 76 6 28 12 30 18 52 56 49 1 60
34 63 44 55 60 6 37 76 16 4 15 66 40 17 20 57 19 79 68 51 47 0 75 30 72 42 11 52 62 67 54 45 27 8 69
47 45 78 58 29 48 72 56 17 12 0 26 7 54 71 10 31 18 42 65 70 8 14 2 63 40 36 39 4 47 52 21 77 9 35 51 27 5 3 20 69 13 38 66 25 11 59 57
43 43 49 33 67 29 1 21 62 37 34 75 22 38 74 48 54 40 10 50 47 61 27 79 42 31 56 65 9 0 5 41 68 3 17 73 24 6 14 16 55 66 15 18
33 63 74 51 61 24 65 45 10 30 39 72 19 14 73 70 75 1 35 37 67 3 0 49 62 57 43 38 33 28 68 50 4 54
41 63 41 16 67 76 22 78 49 0 13 45 48 61 57 71 25 62 39 18 68 5 70 65 40 79 11 24 64 56 69 19 52 77 60 8 14 54 15 23 10 4
40 48 41 58 16 17 6 63 57 14 30 38 45 50 76 40 77 19 52 61 13 20 37 55 49 5 0 65 21 66 18 29 22 54 73 74 26 8 71 46 33
29 39 78 5 15 25 55 24 38 53 63 1 17 7 79 58 8 77 13 33 70 22 28 44 34 11 68 43 67 30
44 15 73 76 38 45 47 70 33 72 41 28 6 7 56 19 37 26 50 48 55 77 16 71 40 0 35 66 12 13 4 23 65 1 58 22 46 31 17 63 74 18 36 20 29
37 72 71 51 32 56 69 6 73 38 55 20 1 54 45 65 50 24 67 17 0 78 66 61 25 76 62 13 7 3 48 10 70 34 30 68 40 2
33 17 39 31 77 57 22 54 58 60 41 64 7 16 73 62 20 65 18 14 76 49 56 70 44 63 48 59 19 75 72 66 5 15
43 76 73 48 62 25 21 9 61 30 3 45 18 2 57 78 41 42 59 37 74 17 64 66 39 55 5 65 4 13 46 29 15 19 69 71 35 36 1 49 26 28 54 8
38 41 63 71 64 8 16 7 19 25 11 21 10 48 22 76 43 20 9 53 35 56 2 17 4 42 75 1 70 14 46 31 61 29 69 39 45 40 36
37 68 49 21 41 47 9 62 5 55 13 56 63 50 74 18 43 57 45 44 26 19 34 3 22 30 24 36 16 77 51 12 75 33 46 10 39 0
43 12 15 62 58 67 40 6 63 37 49 65 13 7 14 16 24 57 2 64 69 75 18 35 66 53 47 51 4 11 0 72 44 33 78 79 21 73 71 60 34 30 20 74
41 1 76 45 70 14 20 54 46 25 23 43 58 67 36 69 57 30 33 60 40 21 19 63 28 5 8 68 26 59 62 51 15 42 4 78 12 56 17 75 65 0
41 48 57 42 10 30 31 29 62 64 41 74 28 67 76 25 14 47 68 17 61 20 39 59 6 40 43 19 72 16 0 24 49 21 2 69 1 63 26 51 77 7
44 8 29 17 32 47 78 20 79 4 65 74 72 42 3 71 45 14 7 2 26 38 51 13 24 33 27 67 1 66 18 9 75 58 46 64 61 6 73 77 34 40 44 35 48
46 14 63 75 19 7 5 42 36 8 62 11 49 72 54 28 3 55 18 69 53 1 25 6 24 37 78 23 38 22 71 50 48 43 17 15 30 27 66 39 45 34 70 31 41 65 73
40 51 34 7 69 35 28 75 27 70 47 49 48 52 38 22 30 56 12 33 63 14 32 19 10 79 55 62 57 46 64 18 42 54 60 25 8 11 40 65 4
40 38 73 40 11 58 17 39 78 33 69 60 24 22 43 7 68 59 55 57 71 50 66 25 46 1 76 75 41 9 8 10 34 18 49 37 3 23 45 16 4
42 61 75 25 51 63 19 46 67 2 37 78 56 60 16 50 72 10 52 42 68 76 34 12 48 79 74 35 20 40 1 70 58 38 15 59 55 54 26 3 29 45 17
34 23 0 2 66 4 21 20 45 78 74 63 19 73 58 9 75 62 79 10 70 35 22 77 12 72 59 52 48 29 36 32 39 64 18
40 76 6 24 37 15 20 57 30 73 63 44 33 28 51 11 31 26 39 74 64 27 66 2 69 46 35 65 71 18 67 48 55 12 40 34 43 75 23 42 61
38 0 55 13 37 71 48 3 12 43 57 7 22 17 76 61 41 53 77 67 45 4 60 59 42 14 33 51 54 64 34 39 56 30 35 10 70 69 28
38 5 65 39 68 35 41 30 53 73 8 63 50 38 18 9 67 25 24 59 56 19 0 55 23 3 22 36 21 62 48 57 75 12 16 51 79 70 20
37 38 28 0 70 33 46 24 41 72 17 19 76 34 10 54 25 66 27 18 30 15 65 43 8 40 68 75 69 61 45 31 47 74 44 32 14 39
43 21 35 4 72 25 27 63 78 65 41 57 67 77 40 62 56 58 61 15 36 1 3 76 0 60 5 18 28 64 42 8 69 12 13 26 71 9 38 32 53 33 75 22
29 51 73 69 11 57 52 68 19 64 28 43 31 47 54 30 35 25 42 40 53 13 72 20 77 67 9 14 60 26
45 41 50 78 31 26 43 72 60 16 1 56 77 21 69 22 18 45 59 66 73 62 0 39 57 14 13 65 54 37 23 24 46 11 36 35 75 9 61 64 63 47 52 38 68 67
29 12 79 50 16 13 71 2 1 41 6 57 43 76 28 4 59 9 24 0 72 64 66 44 75 23 27 22 51 77
31 7 65 1 29 47 9 21 75 12 60 55 40 46 76 6 34 67 50 59 10 36 54 66 5 0 56 17 8 49 78 57
41 20 37 62 40 32 31 24 18 64 68 48 79 60 50 25 16 2 15 21 41 51 71 0 4 73 46 53 28 69 6 43 63 9 67 23 61 27 66 33 59 26
44 75 13 46 23 15 21 29 2 35 31 1 65 7 3 59 18 72 40 53 41 42 12 22 30 5 58 28 33 62 63 47 69 66 20 68 9 14 45 43 8 17 19 25 79
39 68 20 31 72 51 63 24 49 35 41 43 30 2 70 47 60 67 25 34 59 75 62 1 27 21 10 53 46 6 13 32 64 37 5 22 77 73 8 61
45 38 1 13 50 45 32 9 49 70 28 5 63 46 79 15 19 61 72 33 64 65 52 37 18 42 77 14 41 62 51 27 36 68 35 23 71 12 47 26 11 53 78 24 66 0
36 17 20 36 28 62 24 42 15 16 3 49 37 65 32 71 44 21 60 29 55 1 43 68 0 67 39 18 77 9 30 11 4 78 7 72 14
39 22 11 77 68 64 13 18 55 51 10 75 17 33 42 15 16 38 67 52 47 46 0 60 19 56 37 70 53 44 43 21 63 61 78 32 24 65 54 20
41 75 73 15 13 23 2 51 3 12 77 43 32 42 53 19 54 0 37 65 58 10 18 6 49 46 72 66 59 56 20 79 41 61 21 9 69 27 50 4 36 22
40 20 43 17 33 12 62 26 7 57 49 38 46 27 28 76 25 0 31 74 73 71 8 48 10 72 21 60 14 51 39 34 79 59 67 54 45 13 64 56 1
45 36 2 4 58 33 35 40 74 38 25 54 61 49 21 67 70 13 44 51 41 32 79 57 27 69 55 78 0 31 37 56 20 5 47 77 18 26 75 17 7 12 64 65 23 66
42 23 34 40 26 27 64 43 49 28 56 45 0 57 36 44 47 29 8 41 69 70 17 35 24 37 16 55 4 67 13 22 76 59 12 51 30 38 54 32 11 15 5
42 63 34 59 76 38 77 50 70 18 57 78 74 54 32 45 21 79 19 9 41 33 11 36 52 49 6 75 22 46 3 27 1 51 39 4 62 8 56 44 69 65 61
48 70 47 18 16 19 6 69 53 49 9 39 55 8 26 71 58 31 17 57 36 24 78 13 60 48 33 75 45 76 51 11 32 27 25 28 72 30 1 7 21 62 2 37 41 59 40 64 0
43 12 74 1 2 44 20 11 13 22 51 18 71 48 45 10 4 23 33 42 60 31 39 14 52 73 30 55 36 40 28 78 53 24 17 67 77 62 9 76 54 32 57 25
46 21 27 11 36 25 6 78 1 43 49 68 38 37 62 31 7 71 47 13 59 10 46 39 53 70 56 8 26 63 22 45 58 50 79 4 66 19 3 0 17 23 54 61 73 29 51
42 21 35 56 8 22 47 9 59 50 6 67 3 20 79 11 54 76 43 42 38 70 57 18 48 27 37 58 23 12 5 0 55 25 69 1 31 29 51 10 26 74 19
36 41 50 31 65 9 79 51 75 5 37 63 42 40 14 21 45 11 8 62 72 48 36 49 55 1 33 27 24 54 68 38 34 60 46 64 23
42 13 77 65 37 48 18 41 12 72 30 57 6 64 62 2 11 24 63 56 68 19 17 26 44 4 71 43 67 5 59 27 34 29 14 31 1 73 32 8 46 40 47
39 31 34 46 2 52 73 15 14 76 65 24 39 58 66 75 3 67 42 27 40 70 6 57 45 61 30 8 54 13 72 49 33 21 11 12 17 28 36 0
41 31 18 49 56 19 51 70 16 24 48 40 22 13 30 39 57 6 43 55 75 3 26 60 76 69 52 11 38 50 14 71 61 44 65 12 23 36 58 0 9 32
41 2 30 33 42 50 75 60 31 45 71 74 7 47 13 44 16 4 20 8 51 15 3 32 26 10 61 9 66 54 28 70 39 25 56 67 77 12 18 36 40 79
28 66 4 26 62 73 39 38 44 0 64 45 25 33 17 35 77 43 61 13 20 48 12 15 30 28 68 5 36
44 55 40 43 73 8 60 41 14 76 11 25 69 0 53 59 44 77 71 16 17 72 26 65 42 48 56 64 39 34 36 78 79 51 35 23 62 47 2 52 10 49 45 32 37
39 45 33 30 37 27 1 75 19 5 64 48 23 71 38 28 68 43 34 46 52 49 8 61 4 14 53 72 31 42 65 32 63 22 11 7 16 77 66 13
40 70 4 59 8 32 18 51 49 64 60 28 12 75 22 3 57 46 74 30 16 29 24 19 44 35 50 21 62 58 14 39 66 27 56 76 5 73 38 52 11
39 51 29 14 24 39 27 49 67 11 44 43 64 33 42 65 21 18 22 40 12 2 31 13 62 16 75 66 7 3 37 79 58 0 59 36 53 8 57 10
36 17 10 52 22 9 39 1 69 57 68 54 41 64 29 62 44 43 21 13 25 23 18 60 27 75 0 67 61 78 14 47 8 36 16 55 73
38 24 76 13 15 35 41 70 2 28 23 38 54 72 10 21 52 19 74 47 11 8 79 29 63 31 56 67 16 45 40 30 75 14 33 17 27 64 39
40 24 60 54 17 26 28 22 49 52 19 64 37 68 40 43 38 33 9 55 78 31 72 29 77 69 63 6 36 66 32 47 42 75 57 59 79 10 20 14 56
46 24 76 58 60 13 15 0 54 62 20 75 69 8 46 33 7 21 48 47 63 30 64 71 3 57 79 37 55 41 39 66 36 43 40 65 4 59 68 34 6 61 52 45 22 56 77
45 25 24 12 58 13 17 2 7 28 22 30 49 11 19 64 40 18 43 33 71 9 70 78 74 29 53 34 36 51 20 45 69 5 56 66 79 62 41 42 39 44 14 32 57 47
29 35 54 2 61 23 22 11 19 37 68 40 33 78 31 72 53 36 63 42 69 46 27 32 51 16 48 44 79 8
36 25 50 76 12 13 35 54 61 26 67 7 28 22 30 52 37 65 68 18 71 9 55 31 72 29 34 20 3 57 59 8 27 79 44 39 48
42 25 12 58 15 54 17 2 26 67 7 73 49 52 19 64 37 65 68 18 38 33 71 9 70 78 74 72 29 1 53 34 36 51 20 45 69 21 32 42 62 79 77
47 50 24 76 58 60 15 54 17 2 61 26 41 18 55 5 56 30 37 23 52 31 10 65 57 75 21 6 70 14 66 43 40 62 49 78 38 73 3 11 68 16 20 47 79 59 9 72
41 25 24 76 12 60 35 0 17 2 26 28 23 22 30 73 49 64 18 71 9 74 31 72 75 34 4 36 16 51 45 5 21 14 63 44 57 48 47 41 56 42
41 25 50 12 58 15 17 61 26 7 23 22 30 49 11 19 37 68 43 71 77 1 62 51 75 72 5 79 42 69 8 78 6 27 21 3 36 31 39 45 14 57
37 25 15 0 61 26 7 28 23 52 11 64 37 68 40 18 43 38 70 55 78 74 72 29 1 75 53 62 48 77 51 47 57 27 14 42 56 66
43 25 50 76 58 60 35 0 61 26 67 7 28 30 73 52 72 34 43 79 65 3 9 38 14 70 66 10 51 78 4 53 56 64 41 31 40 45 57 74 27 63 20 47
38 25 44 34 66 3 29 67 55 49 63 47 60 77 46 58 52 75 13 62 28 6 43 38 51 15 71 68 26 9 35 32 5 79 64 8 19 31 74
35 25 50 24 12 74 78 22 16 73 2 38 28 63 20 56 52 75 68 17 55 31 18 79 65 71 40 30 67 39 3 57 77 5 0 70
44 25 24 15 0 54 61 67 7 49 11 19 18 38 33 71 9 55 78 74 31 72 29 1 53 10 34 36 46 16 20 45 21 8 3 32 57 42 59 48 63 77 44 39 41
44 25 24 76 12 55 27 44 14 78 61 38 53 57 7 6 52 63 54 77 42 65 10 9 79 31 59 56 26 34 23 2 74 20 32 62 16 64 37 39 45 41 0 49 43
31 25 50 58 60 13 15 35 0 17 7 30 65 38 71 78 75 53 34 4 57 14 8 20 77 79 21 51 47 45 39 69
39 25 24 58 13 0 71 47 46 62 75 8 56 52 74 16 30 44 7 72 20 39 27 68 69 29 34 22 33 61 48 6 73 66 1 53 3 59 9 63
33 58 13 61 26 67 7 28 23 22 73 40 55 44 69 51 5 8 74 32 63 3 57 77 34 45 62 29 6 10 21 14 48 47
33 25 50 76 12 0 61 23 52 6 66 36 56 57 1 68 55 48 63 62 14 33 9 79 34 3 69 72 70 43 37 27 4 51
44 50 24 76 58 13 15 35 17 2 61 26 7 28 23 22 30 73 49 11 37 65 68 40 43 33 78 74 31 72 1 75 53 16 14 57 21 48 5 3 6 42 47 27 41
39 25 0 54 2 26 67 7 28 23 22 30 73 52 18 43 9 70 31 72 29 75 53 36 46 16 51 20 45 44 27 32 14 79 8 62 6 56 39 57
37 25 58 13 54 17 2 67 23 56 51 5 45 1 9 47 29 55 40 27 63 70 18 37 49 38 72 8 3 66 4 20 52 30 21 71 68 53
43 50 76 58 60 15 35 0 54 26 7 28 78 57 48 72 77 38 4 10 22 69 29 68 8 74 37 32 62 19 30 9 49 33 21 53 70 44 43 64 79 20 18 27
34 50 63 3 47 29 59 8 20 46 72 17 43 62 58 2 45 55 7 52 1 26 51 39 67 0 71 38 70 14 15 57 40 13 76
47 75 10 29 60 30 35 50 6 52 66 14 64 73 8 36 34 17 56 13 40 46 21 15 53 5 3 37 12 68 51 11 49 19 27 41 70 22 16 71 39 79 48 33 9 57 59 69
33 24 12 58 60 15 71 68 8 1 20 65 28 5 59 69 23 34 49 63 21 10 78 51 72 7 9 43 30 66 64 6 11 18
42 25 50 76 58 60 15 35 0 54 17 28 23 22 30 73 49 11 19 64 65 40 33 9 70 31 72 53 10 4 36 51 20 45 69 5 21 79 41 77 62 42 66
47 76 12 58 13 35 0 54 26 67 57 48 62 44 36 21 32 43 51 20 47 52 53 78 69 10 39 8 33 27 41 34 64 74 1 55 31 18 71 37 5 23 3 73 68 63 29 11
34 25 24 12 35 0 17 28 23 22 30 73 49 65 18 33 71 55 47 1 39 66 6 63 5 14 3 41 62 44 48 21 46 10 32
43 25 58 13 0 17 2 61 26 7 23 22 27 34 33 79 20 43 29 73 11 38 36 16 3 5 32 39 42 9 41 52 51 37 53 44 45 56 59 8 21 70 57 71
40 50 76 12 13 15 35 0 54 67 7 28 73 49 52 11 43 38 9 70 55 78 74 63 5 39 42 8 72 27 21 20 69 59 4 47 75 77 14 34 1
42 50 76 12 60 15 35 54 28 23 30 73 64 18 43 38 71 70 55 74 29 1 75 34 4 36 46 51 45 69 21 56 3 6 77 44 62 39 66 41 14 42 57
37 25 76 58 35 0 17 2 67 28 23 30 73 52 19 68 43 38 27 34 74 53 3 20 45 6 4 66 72 69 1 29 71 44 36 14 75 55
43 25 50 76 12 58 15 35 17 2 26 28 30 73 11 19 64 37 18 43 33 71 70 78 74 31 48 6 39 57 69 79 44 3 45 5 56 77 8 32 42 59 16 14
35 25 50 76 12 60 33 27 43 69 41 42 57 16 29 53 32 46 38 0 63 31 55 52 11 36 20 5 34 8 28 51 4 47 48 23
45 25 50 35 54 2 61 67 28 30 73 49 52 19 40 33 71 9 70 55 74 72 1 75 53 4 39 48 8 45 44 42 21 47 63 3 69 57 51 14 56 32 6 46 27 79
40 25 58 60 15 2 61 67 7 28 23 22 30 73 19 10 74 5 6 69 68 70 1 4 77 78 44 46 56 9 20 34 57 47 65 51 63 66 59 75 43
38 50 24 12 13 15 35 0 54 61 67 7 23 22 30 73 11 65 40 74 6 59 32 10 77 72 16 33 45 31 14 62 75 56 42 55 1 78 71
39 25 24 76 13 15 0 54 17 2 61 67 28 30 73 52 64 65 40 43 71 9 55 78 31 72 29 34 36 16 69 5 21 3 32 57 47 79 14 41
37 25 50 24 76 60 13 0 2 7 22 52 11 68 48 59 36 18 45 42 63 70 20 51 1 57 4 79 39 47 56 77 3 10 62 38 27 78
36 25 50 15 35 0 2 61 67 7 28 30 73 49 11 64 65 71 55 74 72 29 53 46 51 20 69 8 56 3 32 79 27 42 63 14 39
36 50 58 15 35 54 61 30 49 52 64 40 43 38 71 9 70 78 74 31 1 75 10 34 4 36 51 20 8 3 6 32 57 27 41 14 48
43 50 24 76 12 58 15 35 2 26 7 28 23 30 11 19 37 65 68 77 63 10 3 56 1 69 39 74 31 21 9 66 32 47 55 20 57 75 42 59 33 71 34 51
40 76 12 58 15 54 17 61 67 28 23 30 73 52 64 37 65 68 18 33 70 55 29 75 34 4 36 46 45 69 5 21 8 3 32 47 62 63 66 14 77
39 50 24 58 60 15 0 2 22 30 73 52 11 64 68 40 18 38 33 9 74 72 75 53 34 36 16 27 48 6 62 8 79 21 14 3 32 44 63 56
29 25 50 24 12 60 35 17 2 67 73 49 52 64 37 74 72 29 4 36 41 59 69 77 21 48 32 47 14 44
43 50 24 12 35 0 54 17 2 61 7 28 22 73 49 52 11 37 68 40 18 43 71 55 78 31 29 1 10 36 46 16 51 20 69 8 3 66 59 63 39 79 44 77
41 25 76 60 35 54 17 2 61 67 28 23 73 49 52 19 68 40 18 71 70 55 78 72 29 10 34 4 36 46 20 45 69 5 8 56 57 42 62 59 14 77
34 25 12 60 15 54 26 67 7 23 22 6 29 20 8 9 77 47 78 69 41 27 36 53 14 68 48 31 46 3 79 51 1 64 42
39 25 47 69 9 77 36 11 79 41 16 20 46 40 65 23 13 34 35 78 7 55 19 72 5 31 38 45 42 62 32 68 27 57 70 43 58 24 56 73
41 25 24 12 60 35 26 67 28 22 30 49 52 11 19 64 37 40 18 43 9 78 74 72 75 10 4 36 16 3 32 27 41 8 59 63 42 6 79 56 47 21
47 25 24 76 12 58 13 15 35 0 54 17 2 61 7 28 22 30 1 39 5 65 10 48 45 19 51 59 40 31 57 62 6 78 71 55 53 46 44 33 36 64 42 70 47 11 21 69
38 25 76 58 15 35 17 67 28 23 22 30 73 49 52 11 68 33 71 70 55 74 57 27 16 63 6 4 79 21 45 20 3 10 69 14 36 41 62
39 76 58 60 15 0 21 4 79 47 31 14 78 39 38 28 22 1 2 27 62 7 23 42 32 48 57 64 36 71 59 77 5 49 69 65 6 52 74 44
44 50 24 76 12 60 13 15 35 2 61 7 28 22 52 19 64 65 18 43 38 33 70 53 39 41 57 66 48 31 59 1 36 79 47 14 5 75 32 56 63 44 78 29 10
40 25 50 13 15 0 17 2 61 7 22 30 11 19 64 37 40 43 38 70 55 72 1 75 10 34 36 51 45 69 21 8 3 77 66 63 59 48 41 79 32
48 25 50 24 60 13 15 35 54 2 67 7 28 23 30 52 11 19 64 37 68 40 18 43 71 9 55 78 74 1 53 10 34 36 16 20 69 5 21 8 3 32 62 42 59 39 14 77 48
36 50 24 12 53 26 78 7 65 33 77 69 22 42 20 34 43 9 64 62 37 30 3 27 2 52 11 16 17 28 45 54 44 66 18 23 6
39 25 24 76 60 15 54 17 2 61 26 7 30 52 64 37 68 40 43 38 71 55 78 31 1 75 34 46 51 69 5 56 57 47 79 62 63 77 14 48
33 25 12 1 57 49 40 71 79 37 27 35 62 46 68 48 54 7 2 78 70 8 61 16 59 32 26 23 73 55 51 45 11 67
38 60 15 17 2 78 39 9 67 14 37 59 30 70 74 55 52 69 71 42 77 19 36 47 75 18 48 38 7 62 56 20 44 11 41 4 5 64 10
42 50 24 12 58 60 15 54 17 2 61 7 28 23 52 19 64 65 68 40 18 38 9 78 74 72 29 75 53 10 45 69 21 3 6 32 57 79 27 44 48 59 63
41 24 76 12 13 15 35 0 17 2 26 67 28 22 11 19 37 68 40 18 43 71 55 78 31 29 1 53 4 36 51 45 8 56 47 79 62 59 14 66 44 41
41 25 12 58 15 0 54 2 61 26 67 28 23 73 49 52 11 6 74 79 77 39 34 1 10 56 69 59 3 55 27 62 57 78 41 32 45 42 46 44 8 51
29 50 58 13 15 54 2 26 7 73 52 11 37 55 39 20 70 16 6 41 5 44 43 62 29 38 27 72 79 68
28 25 12 58 17 2 26 7 22 11 19 37 68 43 33 71 70 55 72 29 1 10 56 3 32 47 27 63 44
36 24 12 60 13 0 61 57 64 37 46 36 38 28 48 5 49 63 72 14 51 18 73 21 71 22 44 6 68 39 33 70 53 77 11 31 41
44 25 50 12 60 13 17 2 26 67 7 28 23 22 73 49 19 37 65 63 77 70 1 53 62 43 48 74 45 9 4 10 20 44 59 78 33 47 57 5 75 40 6 66 71
45 25 50 58 35 54 17 2 61 26 28 23 49 52 19 64 37 18 43 33 71 9 70 74 31 1 75 53 34 4 36 46 16 62 6 41 56 48 32 57 44 3 27 59 39 47
41 25 50 24 60 13 0 61 67 7 23 22 30 52 11 19 37 65 68 40 10 69 31 3 32 74 66 79 77 53 27 56 55 21 78 72 48 34 42 6 36 44
43 25 24 12 60 13 54 17 2 61 26 67 28 22 30 52 68 43 38 33 3 5 79 78 6 9 34 57 69 32 42 14 47 16 53 36 48 29 39 41 63 59 8 66
42 50 24 76 0 17 26 67 7 23 22 11 19 65 38 33 9 70 78 31 56 14 36 6 75 79 39 45 8 4 48 46 27 77 10 41 66 62 5 21 20 51 1
41 25 50 76 60 13 17 67 7 28 30 21 41 27 64 18 48 74 36 11 47 75 38 31 44 20 39 78 29 33 79 53 32 65 6 77 37 68 46 45 34 8
40 12 13 15 0 54 17 61 28 23 73 11 64 37 68 18 43 38 33 70 78 36 42 14 62 53 34 10 46 45 6 41 20 3 69 75 32 31 51 8 57
38 25 76 12 13 0 17 2 61 7 73 37 68 43 38 33 9 55 74 31 72 1 20 59 10 69 77 56 16 44 79 8 21 36 51 32 45 62 42
34 24 73 35 15 28 75 8 27 43 5 20 55 78 23 54 2 0 59 44 34 63 48 7 33 53 31 19 40 32 52 11 39 72 79
39 50 12 58 13 15 54 2 61 67 23 73 49 64 37 68 40 18 43 38 9 70 31 72 1 75 10 34 46 16 56 6 32 57 47 27 59 48 14 44
46 50 76 58 60 13 15 54 61 26 7 28 23 73 49 52 11 64 37 68 40 38 71 9 70 55 6 14 31 3 34 48 51 20 42 16 39 59 4 10 72 47 1 62 74 57 63
46 25 50 76 12 60 13 15 0 54 2 7 23 30 73 49 11 19 64 65 40 71 9 70 55 72 1 75 53 34 4 36 16 51 45 5 21 56 3 6 47 39 27 59 62 41 63
