80
6 73 5 50 38 1 25
4 51 39 0 55
2 38 4
3 33 78 38
8 8 56 30 18 2 72 11 14
5 0 73 20 52 65
4 75 29 43 15
3 66 19 22
3 11 68 4
4 78 14 71 20
1 42
6 8 19 62 45 38 4
3 70 43 73
7 45 34 64 77 54 56 46
7 25 61 35 15 9 45 4
5 51 42 32 14 6
5 70 32 23 52 19
3 66 47 23
4 4 38 77 44
5 59 11 75 7 16
2 5 9
2 28 53
3 25 7 42
4 33 16 17 29
8 46 58 51 73 75 44 49 35
6 14 22 77 51 67 0
3 47 57 51
4 71 68 74 78
4 39 21 49 70
6 40 52 6 55 34 23
4 33 32 4 46
2 79 45
4 62 30 15 16
3 30 3 23
4 13 29 37 54
5 14 41 45 24 70
1 54
2 58 34
8 40 64 63 2 18 0 3 11
5 28 72 1 60 43
3 29 38 42
3 35 54 48
5 10 15 40 22 62
4 12 6 70 39
2 24 18
6 13 35 31 11 14 67
6 24 79 71 75 13 30
3 26 61 17
1 41
4 28 58 24 61
5 57 73 0 61 78
5 24 1 15 26 25
5 59 66 5 29 16
2 68 21
4 41 36 13 34
5 29 66 76 1 59
3 4 74 13
2 50 26
4 24 37 78 49
3 19 52 55
2 69 39
6 14 47 50 77 49 67
4 32 66 11 42
1 38
2 38 13
2 69 5
6 7 62 52 17 79 55
3 25 45 61
3 8 27 53
3 73 60 65
6 12 16 76 43 28 35
4 27 77 9 46
3 39 4 75
7 0 69 74 5 50 24 12
4 56 73 27 77
5 6 24 46 19 72
2 55 70
6 71 25 13 61 18 74
5 9 3 58 27 50
3 31 46 66
2 33 19
4 9 46 31 66
7 26 6 48 19 78 69 18
2 34 53
1 8
1 63
5 26 2 56 23 79
3 30 22 38
4 51 73 4 63
2 1 10
2 9 44
4 24 20 35 56
4 50 15 42 27
4 47 50 71 64
2 41 78
3 49 37 12
2 51 21
2 46 69
4 59 29 2 36
8 43 62 54 2 25 0 31 32
7 70 11 22 75 32 47 53
8 26 28 74 61 33 55 16 68
6 26 20 7 36 54 60
5 6 50 27 77 49
5 74 11 59 78 62
5 45 57 19 43 58
6 2 6 78 21 52 22
6 45 12 55 23 76 73
2 21 70
3 70 51 18
3 49 57 7
4 19 1 62 75
5 20 19 63 53 66
4 70 21 36 0
3 3 43 49
4 11 59 43 36
6 51 33 22 75 35 18
3 15 41 75
5 67 47 7 55 64
2 73 62
3 70 61 44
3 37 14 54
3 74 12 71
6 51 19 71 34 35 25
3 40 59 10
4 25 27 72 47
5 52 1 58 17 72
5 45 20 54 38 13
3 66 72 2
6 30 15 23 76 64 34
5 66 13 12 23 57
7 53 73 16 36 8 29 43
4 26 54 46 76
6 61 51 20 3 32 60
5 52 47 19 22 41
3 27 21 38
2 6 11
5 30 61 50 77 25
3 70 46 25
4 35 44 18 24
3 22 53 75
6 70 40 57 64 53 21
4 19 39 31 24
3 32 8 5
4 61 13 38 49
2 76 66
6 48 50 1 32 72 65
1 38
1 21
3 17 79 2
8 28 40 29 71 33 58 61 20
4 70 42 13 43
4 45 48 46 66
4 51 27 39 8
3 42 24 21
6 20 37 31 78 36 60
5 52 27 49 65 77
3 57 23 76
5 26 14 2 75 24
2 6 69
