90
40 30 60 66 14 2 13 69 78 35 40 76 12 39 15 1 89 42 20 62 26 6 25 57 65 48 50 55 32 84 73 23 87 34 68 5 74 52 29 63 79
47 69 23 33 54 13 44 62 52 3 45 6 16 40 67 32 71 61 74 14 0 20 81 10 19 64 46 41 42 87 12 59 2 49 51 24 4 77 9 5 28 27 85 17 78 7 37 29
48 76 3 65 10 19 79 24 39 88 85 0 70 55 15 43 48 36 54 64 46 80 67 52 74 4 40 31 68 72 57 86 1 59 61 71 34 33 21 89 77 13 69 73 58 81 75 53 41
42 2 39 72 55 18 69 1 60 9 33 78 88 81 26 23 76 32 49 75 17 24 8 29 21 25 79 10 13 73 15 34 35 74 68 46 28 27 77 83 22 62 86
43 48 55 61 8 22 68 40 20 63 47 27 49 77 11 53 9 7 36 69 24 44 2 75 29 85 18 5 26 17 14 23 1 67 52 71 70 74 72 21 88 76 35 32
46 38 87 33 56 82 11 58 49 40 64 89 32 8 53 31 54 18 16 7 78 26 72 39 12 55 29 4 77 23 83 35 45 59 85 81 52 28 1 84 9 0 10 20 66 79 47
47 47 46 75 18 40 29 44 58 67 33 57 20 37 1 32 35 9 51 24 0 13 17 86 8 62 85 76 80 21 65 48 10 53 19 56 84 77 55 45 26 78 60 83 38 50 66 31
44 49 44 14 31 47 46 84 26 36 52 28 79 67 43 8 20 13 4 53 5 71 40 15 59 60 87 57 82 89 45 56 66 68 35 22 10 61 24 29 16 73 74 1 58
50 50 59 67 58 4 19 87 40 5 82 54 10 63 83 24 7 85 64 16 6 3 44 81 15 28 78 9 46 76 51 48 73 13 33 75 52 84 74 47 62 22 11 12 89 56 32 21 18 77 66
53 24 61 31 48 3 79 49 42 52 33 6 28 39 87 57 4 85 55 25 11 13 88 8 89 56 51 72 38 66 26 34 82 19 76 14 81 63 74 73 80 21 1 44 62 50 17 5 32 54 86 30 36 23
48 51 2 78 26 21 83 64 20 87 55 33 61 50 81 52 37 8 65 39 77 1 40 76 48 89 3 27 30 85 66 58 6 42 15 36 34 75 49 53 7 68 18 79 31 5 35 63 82
46 69 52 45 29 5 15 62 23 46 34 79 85 38 89 40 4 37 12 71 54 21 35 9 18 53 82 27 13 77 56 48 78 75 66 84 60 58 14 30 8 86 74 32 57 72 87
42 32 62 68 40 44 27 76 41 87 38 29 30 0 15 88 49 69 81 11 39 1 16 5 89 72 53 77 63 80 42 78 51 84 37 8 59 55 20 85 31 28 75
50 41 1 30 25 60 0 83 61 40 73 23 65 37 42 26 7 6 78 50 38 53 9 87 64 47 11 46 45 66 36 80 85 8 3 74 72 2 39 28 15 63 22 79 16 43 75 33 57 31 71
46 65 86 7 33 67 85 0 75 47 79 76 63 28 1 22 37 16 25 35 74 73 38 27 83 40 24 4 30 89 9 32 42 48 77 51 11 57 62 87 53 15 80 59 50 56 78
45 42 22 11 65 75 37 24 35 2 61 12 0 16 8 7 59 74 82 46 36 25 58 43 64 28 55 73 3 78 21 10 13 62 31 85 50 86 45 14 52 17 67 79 48 66
45 18 43 37 44 29 55 28 61 75 46 89 1 70 66 80 38 23 86 5 57 85 60 33 8 14 69 15 72 12 87 88 40 82 74 22 27 48 81 51 7 68 63 13 50 84
41 80 49 63 35 66 39 61 51 78 45 85 62 81 3 72 6 50 74 87 44 27 28 86 4 55 19 65 59 43 24 54 79 21 75 33 9 1 29 70 15 88
47 16 22 78 65 74 6 80 3 56 82 75 86 20 33 88 85 42 53 5 73 72 55 45 51 67 31 48 11 71 54 60 32 4 76 50 39 25 49 63 44 46 10 19 34 8 68 58
37 29 81 63 2 67 40 8 34 22 27 47 66 59 1 88 45 42 80 28 33 17 9 58 85 6 74 54 23 41 68 62 83 61 18 31 46 78
44 79 58 71 39 33 69 63 18 6 57 47 87 10 41 32 31 61 4 38 1 84 7 25 0 52 34 59 56 48 42 37 28 26 44 43 51 85 27 53 35 5 12 30 29
39 57 49 30 29 77 10 85 89 73 80 66 51 70 56 35 11 61 46 3 34 22 71 6 88 2 15 26 9 87 24 33 17 45 40 8 4 86 55 76
44 18 89 15 4 63 19 35 51 68 71 61 14 62 39 74 72 64 36 38 37 65 52 31 21 59 23 57 32 47 27 76 84 49 16 8 56 73 48 7 13 60 30 3 69
42 1 82 26 67 66 73 50 48 32 11 46 45 61 3 28 16 13 77 74 64 53 29 22 0 5 55 4 60 37 43 84 59 63 19 40 47 31 33 75 58 54 9
48 9 56 64 29 2 45 37 15 82 84 87 60 70 73 77 69 68 80 71 54 8 6 81 44 3 4 67 31 55 46 36 86 28 39 14 1 72 89 41 21 34 17 7 50 88 76 66 48
37 85 13 27 78 37 86 50 61 65 32 46 80 20 41 0 47 14 9 71 3 83 60 28 15 82 35 18 38 52 56 53 49 64 58 44 26 73
40 23 68 10 31 71 44 55 42 7 3 69 50 38 13 0 57 43 36 34 33 58 5 80 4 20 74 9 86 46 21 70 75 87 49 6 84 25 65 59 72
46 59 38 87 40 58 25 30 86 60 12 82 81 71 46 19 77 33 4 39 51 89 65 70 72 11 14 17 66 37 74 10 67 50 22 34 69 80 75 85 16 3 68 1 20 41 63
45 48 32 72 16 71 89 7 68 9 14 76 23 60 55 85 34 45 73 8 49 20 25 36 19 17 69 24 53 15 63 42 87 13 3 74 5 88 1 41 43 37 12 44 30 58
48 52 42 35 19 21 83 6 60 24 11 53 31 48 16 81 73 12 86 55 77 76 30 46 85 59 3 44 23 4 82 5 87 78 57 33 34 62 70 71 65 64 7 17 38 0 20 1 89
41 42 13 38 21 27 0 81 35 72 12 50 82 70 61 40 54 63 29 56 77 33 69 66 62 78 47 10 68 14 31 11 41 22 74 44 9 57 20 87 28 45
51 51 35 67 70 48 68 29 26 9 54 43 7 75 84 20 33 34 5 57 85 44 36 49 78 32 59 18 55 2 24 77 22 61 40 56 41 58 63 66 30 15 38 88 10 76 23 19 12 47 13 6
45 38 86 12 33 28 45 69 23 55 34 6 20 73 5 72 1 41 57 59 3 25 61 77 53 88 31 0 18 62 22 43 49 84 14 66 76 60 79 70 8 11 9 75 4 67
53 1 5 49 32 46 14 20 81 6 87 34 51 18 53 3 69 31 83 10 85 59 27 62 9 77 63 76 35 40 79 16 30 74 26 61 19 42 66 8 2 84 70 29 41 21 17 78 64 88 23 13 67 47
39 44 33 46 11 32 19 31 67 80 59 47 74 28 50 64 82 51 37 20 53 26 21 42 75 70 69 2 0 9 27 3 78 81 10 24 61 29 68 18
43 31 29 87 65 60 64 30 17 70 0 15 73 83 22 6 59 41 82 47 33 42 21 14 11 80 75 79 5 76 68 25 55 61 3 56 7 39 20 10 4 67 71 86
40 38 63 86 71 68 43 80 70 54 7 2 69 60 76 31 48 89 87 4 79 22 26 84 24 13 58 15 28 55 62 39 47 10 51 77 64 57 74 9 44
43 16 75 61 39 40 24 15 54 6 73 25 43 10 59 70 62 11 82 13 58 77 67 14 55 34 44 45 86 84 53 22 20 27 38 23 60 12 28 74 71 1 57 85
40 5 32 27 30 36 88 50 54 66 12 61 11 89 62 20 16 41 51 26 63 83 80 48 71 84 13 22 14 37 9 73 25 65 58 49 47 31 44 6 29
42 42 20 46 72 3 49 37 2 55 75 45 71 17 76 56 0 81 27 9 68 66 67 10 77 22 12 65 5 41 24 36 57 18 48 13 84 80 35 88 51 83 59
49 65 27 6 12 60 86 37 45 58 19 41 5 1 0 8 4 85 13 30 11 33 48 63 79 73 10 7 74 2 47 42 66 14 46 31 59 68 16 87 55 82 53 62 23 21 44 67 71 83
46 46 86 13 82 56 12 40 71 20 77 32 35 43 85 38 50 49 25 42 51 84 1 69 53 54 59 68 63 72 39 67 31 61 45 24 33 57 19 64 28 27 70 30 55 76 2
46 29 30 81 53 39 60 68 15 75 57 70 76 26 9 61 18 82 13 0 79 47 83 41 35 74 86 1 45 19 20 34 40 33 80 48 78 10 14 12 28 58 63 85 43 73 88
39 16 51 46 31 74 89 77 75 60 58 36 37 81 2 41 66 7 64 44 79 26 80 69 32 15 23 47 20 70 17 85 78 87 84 68 28 54 42 13
51 67 7 72 34 1 59 16 6 12 87 79 63 26 69 45 77 56 31 57 48 43 24 83 86 37 29 8 4 17 55 80 74 89 66 20 18 9 49 82 51 38 40 25 50 30 46 28 36 88 62 85
43 82 64 85 32 11 24 40 48 39 1 63 44 47 23 17 59 81 46 77 68 74 18 28 76 37 19 54 42 13 58 75 5 7 41 56 89 66 21 15 6 51 30 71
50 6 41 58 39 33 43 65 11 34 23 16 7 64 85 75 27 53 2 54 78 76 45 25 68 55 29 56 1 84 50 21 57 13 24 8 15 62 40 88 66 81 26 89 70 3 61 18 74 19 44
43 6 50 54 20 7 69 86 14 49 45 84 85 87 4 19 52 35 42 34 25 88 58 13 40 78 30 22 83 81 36 43 8 38 65 79 68 53 23 67 64 31 33 5
45 77 52 28 4 31 81 64 29 56 58 23 9 45 2 70 75 86 40 36 44 57 38 0 65 18 51 20 60 55 10 8 79 11 6 42 14 71 39 22 16 73 62 76 15 24
45 7 33 21 67 89 39 59 17 62 5 9 47 53 65 85 84 4 12 75 61 3 41 31 83 28 68 1 32 51 66 87 18 22 79 38 10 56 72 50 25 26 44 52 73 80
43 8 51 57 47 88 23 38 58 79 64 87 62 54 30 25 10 26 41 60 34 84 52 13 46 77 0 17 66 82 27 18 80 70 49 76 15 9 24 16 44 81 14 6
50 31 50 10 43 67 66 52 68 33 60 58 17 22 55 61 6 83 21 69 38 27 56 65 18 41 34 75 57 80 48 74 8 9 1 77 49 78 79 36 53 20 14 12 84 70 54 16 44 39 45
39 29 11 48 55 58 87 51 1 54 9 7 10 89 77 47 66 50 20 2 57 88 63 22 64 56 8 25 70 4 5 68 59 49 73 0 15 82 76 61
43 42 29 73 33 46 5 49 59 18 57 4 32 58 7 61 67 34 13 37 23 11 70 41 83 12 28 89 88 63 6 51 40 10 25 72 55 20 2 14 74 47 79 64
45 1 75 69 38 31 47 65 37 81 50 86 67 58 36 52 2 55 84 5 8 46 79 24 30 80 64 66 88 11 60 45 18 41 71 70 59 19 17 83 43 51 74 9 23 57
51 4 52 75 3 39 16 32 73 87 65 26 88 2 10 51 29 54 66 63 28 46 18 37 9 72 78 86 31 24 0 48 5 36 60 80 17 23 15 44 35 59 40 58 77 68 53 6 85 41 12 21
35 88 24 5 41 18 48 58 65 72 39 44 85 83 51 75 21 30 46 20 9 81 11 73 52 31 7 35 22 25 49 6 45 8 14 63
43 21 50 42 6 20 69 68 88 31 32 53 84 44 9 16 48 0 85 26 51 52 46 81 7 60 2 22 39 70 67 29 41 14 61 36 64 11 87 77 30 54 13 37
44 46 20 27 6 52 48 50 8 56 40 5 51 43 54 83 37 86 53 47 26 62 68 36 45 15 81 87 10 31 19 60 11 38 42 55 61 2 63 25 23 82 7 28 18
45 27 8 74 69 86 44 85 49 33 45 37 53 35 84 32 64 72 70 34 19 81 31 29 20 7 15 79 22 41 65 1 2 40 5 55 88 23 67 17 54 52 12 14 39 26
41 70 35 65 42 29 40 27 67 0 13 3 51 43 68 24 71 36 79 28 73 50 16 66 63 54 48 7 25 18 57 88 55 75 23 11 58 37 32 22 6 72
46 83 84 9 37 64 4 73 16 86 17 38 10 25 42 20 15 23 51 30 13 22 1 32 49 79 53 85 21 87 80 33 70 31 2 41 35 46 7 34 58 57 68 19 89 76 52
40 85 12 1 11 49 50 65 82 69 33 38 72 37 17 84 22 0 77 6 71 58 30 73 46 32 36 64 8 15 40 78 29 48 14 9 19 86 3 79 44
48 19 36 87 20 44 17 22 45 4 14 33 8 66 55 38 70 30 40 80 60 89 67 52 69 79 73 41 72 53 12 83 28 31 9 23 18 42 76 13 58 75 27 81 16 77 10 56 0
43 24 48 35 45 61 50 10 46 5 88 74 2 59 54 43 8 67 75 34 22 80 1 23 13 52 77 86 62 15 84 89 41 36 73 25 33 29 57 72 79 47 53 82
40 14 40 18 2 35 60 73 80 15 46 54 85 70 56 55 62 25 49 10 13 27 51 86 0 48 82 22 39 66 81 59 83 67 6 17 38 47 29 26 89
45 83 75 23 51 0 38 17 67 21 16 84 55 43 52 39 63 54 86 19 60 79 78 30 65 13 27 50 40 46 33 10 11 9 49 7 44 31 32 88 45 5 24 6 8 15
51 44 31 79 23 49 8 51 6 14 60 19 82 83 88 66 54 1 7 87 34 85 39 37 64 53 2 18 81 24 63 70 86 76 27 65 73 41 68 89 4 59 57 80 78 33 40 35 47 15 77 32
50 12 26 42 31 51 36 4 60 57 28 22 24 39 45 46 86 78 85 79 71 80 58 2 49 41 40 30 73 84 35 67 7 81 3 82 34 19 10 52 27 55 83 43 61 47 0 69 16 18 75
39 1 11 85 59 74 20 54 32 3 57 44 47 0 33 82 36 62 24 26 51 12 4 30 16 41 70 63 43 28 34 27 78 2 76 84 81 72 68 22
42 84 60 31 77 42 65 35 2 36 24 30 16 48 37 59 63 21 89 78 27 67 69 53 61 87 34 57 43 33 54 52 46 72 26 4 50 29 73 51 41 32 17
37 76 20 79 82 78 36 26 39 41 27 28 60 73 1 22 24 11 38 7 68 25 18 62 21 54 84 86 2 85 48 4 29 37 35 45 40 13
40 75 44 39 28 3 79 30 56 32 73 62 59 18 86 84 17 22 55 27 16 5 2 12 77 41 9 63 89 24 13 70 49 53 69 4 60 88 64 11 26
51 74 65 23 53 61 55 21 29 77 37 35 32 71 72 24 13 18 60 84 83 40 76 89 28 86 14 79 62 0 88 63 67 8 56 68 15 3 38 9 22 2 87 48 70 64 49 52 7 78 42 25
44 59 69 18 73 78 43 88 64 1 34 23 22 45 33 42 14 2 40 15 17 51 27 80 75 26 13 44 16 8 9 77 19 3 28 46 4 11 36 53 37 54 30 0 7
49 72 6 37 66 55 54 42 39 15 18 16 43 85 31 14 87 46 82 49 48 56 3 64 51 4 34 35 45 78 60 11 74 79 8 10 27 88 26 2 17 80 63 84 13 23 32 12 68 89
41 71 86 2 12 42 0 80 39 79 14 33 3 36 46 28 29 73 45 78 10 6 8 67 18 82 35 22 9 69 32 63 50 31 48 24 41 61 4 85 52 21
51 82 48 78 21 70 80 85 43 73 27 44 41 24 81 29 33 52 45 4 32 39 37 23 30 10 62 50 31 64 11 72 5 12 79 51 2 14 74 1 89 55 3 36 6 84 63 57 88 8 86 67
43 18 77 74 71 81 10 25 88 0 3 17 46 31 68 13 66 5 70 55 76 8 30 47 83 75 29 11 42 15 51 34 69 12 80 62 43 33 1 6 67 73 19 14
47 20 71 67 2 72 44 50 82 9 11 7 76 14 60 54 61 42 33 68 66 36 43 40 89 59 3 73 48 63 35 77 75 51 85 49 10 47 17 32 13 87 5 64 53 15 62 0
44 89 65 18 17 77 36 76 21 16 24 2 34 54 25 38 63 64 84 43 51 68 61 88 35 19 6 13 74 26 55 42 44 12 27 50 9 39 67 78 75 49 14 81 85
43 42 19 48 33 78 85 30 29 27 54 43 3 10 45 77 39 12 17 24 1 59 67 8 57 56 87 65 58 89 47 9 5 46 34 68 88 16 69 2 63 83 80 50
40 77 45 23 41 71 5 18 67 27 79 24 30 75 69 62 8 42 89 35 37 34 65 11 15 29 7 50 76 9 25 16 40 68 83 44 52 10 88 58 64
38 61 66 29 10 86 67 35 33 87 13 51 8 56 38 58 42 49 73 85 44 25 14 53 78 89 65 5 47 63 3 68 54 82 19 81 6 39 40
47 70 61 7 31 86 24 47 54 66 49 59 20 85 62 57 72 50 73 41 38 80 36 46 37 0 88 71 32 64 68 11 8 33 22 23 39 87 12 6 69 51 5 43 75 77 26 16
54 25 69 62 45 59 81 21 2 77 65 14 75 46 11 33 47 18 40 49 17 56 31 41 67 84 28 8 9 61 68 16 57 29 83 6 4 13 10 5 71 79 19 27 43 15 20 1 55 42 12 76 80 37 44
45 14 76 41 32 59 27 40 36 18 83 61 84 54 25 47 29 48 16 72 58 68 65 66 6 44 42 89 37 73 55 67 24 2 64 17 71 26 11 15 62 21 9 35 77 3
46 5 35 27 52 44 63 33 55 20 12 10 50 75 24 8 83 47 67 9 36 61 13 1 89 7 17 70 81 16 29 0 58 40 49 28 21 84 73 26 43 14 88 79 57 11 30
44 56 50 38 2 18 78 67 55 74 64 3 57 12 32 47 19 54 52 80 9 73 84 60 16 46 21 53 59 75 28 66 81 31 87 39 4 72 24 33 77 42 82 17 44
43 80 22 49 21 43 16 28 5 52 38 11 82 27 0 36 70 73 63 86 87 79 9 12 10 83 7 72 53 81 14 44 2 67 24 46 77 64 45 8 61 65 75 29
50 62 71 58 11 42 10 8 39 64 24 5 81 56 20 69 75 27 34 13 29 12 14 54 59 79 4 57 55 78 49 23 3 36 87 28 70 48 15 16 25 60 19 9 37 43 47 41 35 45 31
43 62 76 17 58 42 52 38 56 84 33 65 44 75 27 77 34 12 14 59 18 21 79 57 49 41 31 60 51 28 63 40 9 55 25 19 37 66 35 82 61 67 47 53
45 62 50 17 6 58 11 10 52 8 38 39 64 86 5 84 33 65 79 22 67 85 82 23 72 3 87 68 27 59 61 4 34 48 41 26 7 32 9 40 12 14 83 54 89 36
41 88 50 71 6 30 52 39 24 56 84 33 65 20 2 44 22 77 34 83 73 7 14 79 57 0 31 87 60 36 45 16 55 23 85 47 61 78 26 40 25 67
45 62 50 46 17 6 11 42 10 64 24 81 56 65 74 2 69 22 75 13 29 12 54 21 55 82 51 63 41 16 68 35 25 28 70 23 0 78 32 47 15 67 57 49 61 19
44 88 62 46 17 71 6 42 10 24 47 36 85 29 75 48 26 60 21 32 12 22 69 28 13 35 65 49 27 51 15 79 7 83 2 74 54 14 0 68 20 41 77 89 44
44 62 46 17 4 54 8 69 21 18 35 74 34 49 2 47 55 14 58 5 52 41 85 73 38 51 3 32 60 53 82 59 15 78 23 77 56 42 28 33 44 39 61 9 36
46 88 62 11 42 10 52 8 38 24 86 5 74 2 44 89 75 27 77 29 73 12 80 41 3 23 25 60 45 72 28 53 47 21 70 9 66 59 19 79 43 36 26 68 14 61 40
46 88 62 46 6 11 30 16 66 75 55 68 25 21 47 72 26 2 56 83 39 65 77 9 61 13 20 70 73 33 89 82 22 7 79 37 0 60 63 32 41 38 19 51 57 15 43
44 88 62 76 50 46 6 58 11 30 52 8 38 39 64 24 86 56 84 74 20 2 89 75 27 34 83 73 7 14 54 59 18 0 41 31 51 1 48 61 43 40 19 25 37
42 88 62 17 58 30 22 63 23 73 54 20 72 12 32 13 44 89 38 40 4 48 80 29 39 82 67 41 37 26 19 7 43 0 35 83 51 87 5 68 69 2 25
53 62 50 46 17 71 58 33 28 69 79 47 4 7 49 75 2 29 32 60 68 87 65 30 52 40 82 15 0 67 13 78 74 27 53 86 72 8 80 26 9 61 19 81 54 63 57 64 22 31 66 89 34 84
46 62 76 10 52 86 5 33 65 20 2 89 69 22 75 77 13 29 73 18 66 53 15 85 37 14 68 57 4 7 0 35 48 41 31 51 23 26 67 55 28 59 60 1 45 87 72
40 17 71 11 30 10 52 8 39 5 56 65 74 20 44 89 69 22 34 83 40 57 31 78 28 82 63 12 0 26 70 19 79 85 35 61 16 36 4 21 54
39 76 6 52 38 39 64 5 84 74 2 69 22 34 83 12 7 0 18 9 82 37 25 3 36 80 78 1 54 47 19 48 21 45 68 43 32 35 23 31
35 17 71 6 58 11 30 8 24 5 81 56 33 65 89 69 77 29 12 54 59 18 79 4 0 49 40 36 16 67 68 70 25 80 61 26
40 88 76 71 42 52 8 38 64 24 56 65 74 20 44 77 13 29 73 18 21 79 4 0 31 87 15 51 3 63 61 19 68 45 66 53 78 80 70 55 82
46 88 62 46 13 32 75 15 53 30 36 4 73 1 82 22 58 41 69 31 24 39 6 43 74 67 29 10 87 44 37 84 70 77 59 51 68 80 49 2 35 11 42 5 78 47 21
50 62 76 50 71 6 58 30 52 38 39 24 86 81 84 33 65 74 20 44 75 27 29 73 12 14 54 59 36 16 1 68 25 41 31 43 72 23 87 15 35 57 60 63 40 78 80 82 45 28 9
44 76 71 11 10 52 8 39 64 24 86 81 33 65 74 20 27 77 34 13 29 7 14 54 4 57 0 31 87 28 26 1 16 55 23 9 25 72 37 43 82 35 40 80 68
46 62 50 46 42 30 10 8 39 64 86 5 56 65 51 13 32 73 36 89 66 3 53 80 85 18 37 75 29 0 82 16 45 67 78 83 9 55 57 27 48 19 25 68 23 12 26
43 46 17 71 6 58 52 8 86 5 56 84 65 89 69 75 27 77 34 13 73 7 14 59 57 31 48 66 4 35 68 32 49 40 36 43 70 80 16 47 23 41 55 1
45 88 62 50 46 17 71 58 11 30 10 8 24 5 56 84 65 2 69 13 66 75 59 48 87 27 61 67 12 60 51 28 37 41 40 63 14 4 35 78 72 3 47 45 25 55
50 88 76 50 46 6 42 10 39 24 86 56 33 74 20 2 89 69 27 77 34 29 73 12 7 14 59 18 21 4 0 49 87 60 36 3 28 55 66 43 68 47 85 19 61 35 80 53 70 48 25
47 50 46 17 71 58 42 30 39 56 43 16 9 19 15 53 25 66 5 75 40 68 7 41 61 67 87 59 0 55 69 79 85 31 3 22 72 57 29 65 4 26 54 18 86 27 23 36
49 76 50 46 71 58 42 30 10 52 8 38 39 64 24 84 74 20 69 22 27 77 83 29 7 14 59 18 79 4 0 31 87 15 3 26 1 78 23 67 9 68 32 53 43 47 40 19 35 82
48 88 46 58 11 42 10 52 8 39 64 24 86 5 56 84 20 2 89 69 75 34 13 73 12 7 54 59 49 41 87 15 36 3 32 78 45 19 82 55 48 47 61 67 70 72 25 80 37
39 88 76 50 11 42 30 24 86 5 81 33 74 20 2 44 69 22 75 54 18 55 19 51 21 9 57 1 53 0 83 41 7 25 45 48 43 80 28 23
46 62 76 46 6 11 42 52 38 39 64 86 5 81 56 84 65 89 69 22 75 27 77 83 13 12 7 18 4 0 49 41 60 36 70 35 1 61 66 47 68 32 19 45 23 82 72
42 88 76 50 17 11 42 10 52 64 24 5 56 33 20 77 34 83 7 18 67 4 87 25 59 85 72 15 80 23 78 55 37 16 12 60 79 35 19 40 0 70 51
46 46 17 58 11 48 49 59 44 38 63 84 18 27 47 68 13 82 73 83 10 85 31 81 77 24 41 53 20 52 37 15 79 43 25 78 35 3 36 8 89 66 9 22 60 67 32
45 62 76 17 58 11 30 64 24 86 84 33 89 69 34 83 13 12 14 59 18 21 57 0 49 25 48 16 80 66 55 36 87 35 47 19 1 78 40 3 85 45 51 70 9 60
46 88 62 17 6 58 11 42 30 10 52 8 39 64 5 81 33 74 20 2 44 89 75 77 34 73 14 54 21 4 57 49 87 60 36 28 26 55 45 61 25 47 80 70 35 82 40
48 62 76 50 46 71 6 58 11 8 38 64 81 15 1 44 59 83 53 35 32 3 45 61 37 48 23 19 85 31 80 54 55 69 87 18 34 66 2 29 67 82 12 27 57 40 72 78 79
40 76 46 6 11 42 52 38 56 33 74 2 69 13 26 66 85 23 14 19 45 31 48 3 72 79 82 32 47 35 36 87 63 29 21 0 37 1 60 9 54
47 88 17 71 6 58 30 10 39 5 56 84 33 74 69 22 75 34 83 13 29 12 14 18 21 4 57 0 31 60 51 28 63 1 78 23 48 45 85 67 61 25 37 19 66 68 40 32
44 76 17 71 6 58 42 30 38 24 86 5 84 65 74 20 2 69 34 83 13 73 7 14 59 18 21 79 57 0 49 41 31 87 15 70 66 63 23 80 32 3 28 26 53
51 62 76 50 46 17 71 58 42 30 10 8 81 84 33 20 44 89 69 22 75 34 83 29 12 14 54 59 79 57 0 49 87 60 63 26 1 55 45 67 61 9 53 43 19 68 80 47 82 35 40 66
45 88 76 50 6 58 42 30 10 52 8 7 56 16 25 83 33 77 28 39 51 9 53 18 34 65 36 14 1 2 87 61 43 81 63 69 68 57 66 59 49 64 55 47 79 78
45 62 17 6 58 10 52 8 38 24 14 83 54 44 87 2 28 25 18 82 45 78 19 13 84 66 60 68 3 75 48 67 32 40 73 53 9 56 20 79 80 0 23 26 57 35
44 76 50 46 11 10 39 64 24 86 81 33 2 69 22 75 13 29 7 54 18 21 57 49 41 31 87 15 60 51 3 1 78 55 67 61 9 25 37 43 19 80 53 35 32
43 76 46 17 71 6 42 30 10 52 8 24 5 84 65 2 44 22 75 27 83 73 12 7 18 21 4 0 61 51 60 36 28 55 45 70 82 40 26 67 87 9 47 1
48 62 76 50 17 71 6 58 0 43 74 81 70 1 5 32 87 75 28 57 80 49 83 16 29 37 73 72 79 82 20 89 68 78 36 7 38 34 27 25 4 41 23 24 47 69 77 26 53
43 88 62 50 17 71 58 42 30 10 52 8 38 64 24 86 65 44 89 69 75 27 7 14 18 21 0 87 63 78 55 23 48 45 85 61 9 25 72 37 80 40 70 19
48 88 62 50 46 17 71 6 30 10 39 64 86 5 81 84 33 49 7 77 70 3 41 69 79 80 61 66 87 37 72 89 18 68 51 54 53 32 43 60 75 27 63 45 85 16 1 13 82
42 76 46 39 64 81 33 74 20 44 89 69 22 75 27 77 34 83 12 7 14 18 79 57 0 49 41 31 60 51 3 28 26 16 55 48 35 37 82 43 32 67 61
43 62 76 79 87 28 58 56 23 73 5 26 21 20 4 37 30 41 11 6 34 48 33 54 25 44 68 24 17 74 64 8 84 55 49 85 45 9 67 81 40 72 77 22
47 88 76 50 17 6 11 42 30 52 8 38 64 5 22 75 77 34 73 7 14 54 21 79 4 57 0 41 31 51 3 28 63 26 1 78 55 23 85 67 61 25 72 37 53 82 68 32
39 88 62 76 50 46 30 10 39 5 56 33 74 20 2 89 22 75 27 34 12 14 54 21 0 31 60 51 63 26 23 68 9 53 45 43 72 35 80 67
39 88 62 76 46 17 6 58 11 42 30 38 5 56 65 44 21 79 4 57 0 87 36 32 31 82 37 78 60 40 26 1 15 45 23 51 61 53 72 28
42 62 76 29 67 87 24 48 3 11 75 43 40 80 74 84 72 22 4 25 64 33 58 44 81 65 47 42 52 61 38 27 77 9 23 18 2 20 37 70 56 63 66
45 62 76 17 6 58 10 8 38 64 86 5 56 84 74 20 44 69 22 75 27 77 83 29 73 12 54 59 4 49 41 31 87 9 48 66 68 35 1 67 45 80 47 16 40 55
50 88 62 76 50 71 6 58 11 30 12 89 65 3 70 28 73 61 84 16 83 7 74 43 57 13 41 32 1 21 18 59 78 34 19 68 9 67 29 2 38 26 56 47 39 14 25 75 60 69 85
40 17 6 58 11 42 30 38 39 24 84 33 65 20 44 89 27 77 83 73 12 7 54 59 57 49 36 63 1 16 55 23 48 85 25 72 37 47 82 70 40
51 62 46 71 6 58 11 10 39 64 24 5 33 65 74 2 44 89 69 27 34 83 13 73 14 55 67 51 32 47 26 48 59 37 15 60 79 70 66 87 19 9 82 78 4 53 0 57 18 40 63 68
51 62 76 46 71 6 58 8 38 24 86 84 33 20 69 22 75 27 77 83 29 73 12 54 21 4 0 41 31 60 51 3 26 1 16 78 47 53 70 40 32 68 80 45 66 72 61 23 82 19 43 37
44 50 46 6 58 52 8 38 39 24 86 81 82 26 77 0 23 85 28 63 29 9 67 1 34 13 83 16 49 69 51 84 60 22 21 20 72 35 4 15 61 79 3 89 48
43 88 71 58 11 42 52 8 38 39 64 24 84 33 65 74 20 89 27 13 12 54 18 21 4 0 60 40 36 47 1 32 63 31 3 35 49 37 78 53 19 45 72 80
50 50 46 17 71 6 57 51 55 36 86 32 73 53 31 42 26 70 33 68 1 39 54 80 38 2 43 11 18 72 0 79 61 52 75 25 49 35 9 21 63 56 30 10 82 15 22 81 24 37 78
43 62 17 71 6 30 52 38 64 24 86 81 84 33 2 89 22 83 29 73 12 7 54 53 1 68 79 26 21 51 80 18 37 23 9 72 31 36 25 15 82 78 0 85
43 88 76 71 6 11 30 52 8 39 5 81 56 74 44 89 69 22 34 83 29 12 7 54 18 79 57 0 49 41 31 48 23 40 35 68 80 3 45 55 28 1 32 37
51 88 76 50 6 58 11 52 8 38 24 81 56 84 33 65 2 44 22 77 83 13 73 7 79 4 49 41 87 15 3 28 63 26 1 16 55 23 45 85 67 9 37 35 70 72 82 66 47 40 32 43
47 88 48 84 75 31 52 54 63 49 50 59 71 39 73 55 22 85 28 9 8 5 80 42 86 1 18 12 7 32 10 51 76 4 0 33 46 37 11 17 2 20 68 64 43 6 83 44
40 88 62 50 71 58 11 30 10 8 38 64 86 56 44 89 22 75 34 83 13 73 54 18 79 4 57 36 68 16 53 48 67 35 37 85 61 1 43 66 47
41 62 50 46 71 11 38 19 4 26 77 78 29 28 0 43 59 68 63 80 67 57 9 32 54 20 2 66 87 86 16 51 14 33 31 47 81 25 75 44 45 40
37 88 50 11 52 8 38 24 5 68 20 43 83 66 57 28 16 22 18 19 12 21 85 70 3 2 53 77 13 49 15 41 4 1 36 54 74 61
45 76 50 71 11 30 8 38 39 64 24 81 33 65 74 20 44 22 77 34 83 73 12 7 54 21 79 31 87 36 51 28 63 1 16 78 55 23 85 67 61 72 37 70 35 82
40 76 50 46 17 11 30 10 52 39 64 24 56 33 74 20 2 89 22 29 12 54 4 41 87 15 51 3 63 26 1 48 45 25 47 61 66 35 37 82 40
54 62 76 46 17 71 58 11 42 30 10 52 8 38 39 64 24 86 5 81 65 20 2 44 69 75 83 73 12 7 14 54 59 18 21 4 87 15 60 51 28 63 16 55 23 48 85 25 72 37 47 19 80 70 35
51 76 17 71 6 11 42 10 52 38 24 86 5 56 84 33 74 44 89 0 77 55 45 79 23 31 14 25 35 75 27 60 68 54 34 4 43 22 51 87 37 28 73 15 12 36 26 78 13 40 72 21
38 50 17 71 58 42 52 8 86 65 44 75 77 13 29 73 7 54 21 4 0 41 31 15 36 28 26 16 78 55 23 61 43 80 53 66 32 68 82
47 88 62 21 18 25 24 73 44 54 36 55 75 60 5 83 22 77 11 0 33 52 64 66 58 63 68 72 19 81 16 79 42 41 86 15 35 37 87 59 74 43 3 70 13 57 78 69
41 88 76 50 46 71 58 11 42 10 8 24 81 56 33 2 44 69 22 75 77 34 29 12 7 59 18 79 57 49 28 26 55 48 85 61 66 19 47 43 53 68
49 88 62 76 46 17 71 6 58 42 30 10 52 8 39 86 81 84 20 89 69 75 83 16 3 66 59 36 12 68 79 26 47 61 9 21 7 78 18 51 23 32 87 53 41 63 54 55 85 70
40 88 50 46 17 71 6 11 42 52 5 81 84 65 23 69 85 54 87 7 48 57 13 60 14 34 27 75 36 19 9 66 18 45 25 32 4 35 16 51 67
53 62 76 50 17 71 58 11 42 52 8 39 64 24 86 5 81 84 74 20 44 89 69 22 4 18 80 32 27 0 41 48 70 68 51 63 37 26 72 77 73 47 9 28 7 78 35 45 12 43 1 40 55 21
48 88 62 72 50 16 42 86 47 33 29 40 68 45 87 38 14 79 34 31 1 18 19 55 49 9 46 73 69 23 67 60 66 51 28 85 27 75 81 82 37 52 48 61 36 80 25 41 12
43 88 50 46 17 71 6 42 30 8 38 64 5 81 56 65 44 89 69 75 32 16 3 1 45 61 70 51 12 53 21 7 19 25 47 72 23 87 28 15 29 55 85 66
45 88 17 71 6 58 11 42 30 52 38 39 64 86 81 84 33 20 89 69 22 75 13 29 73 14 54 59 18 4 57 0 49 31 87 3 26 16 70 25 55 35 66 47 43 40
45 88 76 46 71 58 11 42 30 8 38 39 24 5 56 84 33 2 44 69 34 13 29 73 7 54 59 37 49 80 1 15 36 45 25 66 60 16 0 3 87 47 85 61 63 72
43 62 76 50 17 58 11 42 10 39 64 86 33 20 44 89 75 27 29 7 14 59 18 21 79 57 31 15 60 36 51 26 16 55 23 48 37 43 19 68 32 82 40 70
39 76 50 46 71 58 11 42 30 38 64 60 4 89 44 37 68 82 61 19 78 0 45 15 77 28 18 27 56 85 40 74 32 33 75 59 73 66 87 72
43 88 76 17 6 58 11 42 30 10 8 39 81 56 33 20 2 44 34 13 14 54 59 18 4 49 41 28 26 1 16 55 45 67 61 25 37 47 19 80 53 70 66 32
43 62 71 42 30 10 52 8 38 39 5 56 84 33 65 20 2 27 25 28 29 73 31 61 14 51 45 63 53 36 37 55 87 54 59 66 35 41 13 3 9 85 60 68
42 88 62 50 46 17 11 30 52 39 86 56 53 74 55 78 61 57 79 22 18 59 28 2 37 9 1 41 44 87 3 83 14 35 51 26 73 21 69 75 25 36 31
37 62 76 46 6 30 52 24 5 81 56 33 65 74 20 2 44 77 34 83 13 29 73 12 59 79 31 3 63 23 72 47 53 43 61 35 66 68
37 62 76 71 58 11 64 24 44 80 26 55 73 27 56 20 21 78 51 40 59 7 19 2 75 36 68 9 31 84 12 23 63 70 28 69 18 43
51 88 76 50 46 17 71 11 42 10 38 39 64 24 81 84 33 74 2 44 69 22 77 34 83 29 73 12 54 18 79 0 49 41 31 25 61 32 16 40 78 26 67 43 66 3 19 51 36 37 23 68
40 89 3 78 8 76 52 48 43 77 73 72 10 29 38 62 82 7 5 63 74 71 65 60 16 79 57 87 22 35 61 84 32 27 23 17 9 49 44 26 47
41 88 11 42 30 10 52 8 5 81 56 20 2 44 7 13 80 77 67 57 53 45 28 73 31 26 15 37 75 48 78 63 43 21 23 69 12 9 54 60 32 59
