90
6 6 80 58 87 51 47
2 25 5
7 87 4 30 39 46 69 36
6 75 27 53 21 14 63
3 2 58 46
4 82 17 1 47
5 0 33 75 27 28
2 48 71
5 80 86 51 65 26
4 74 45 14 23
4 32 20 25 50
3 33 77 80
9 64 88 27 33 38 21 84 26 77
4 59 25 14 54
5 76 9 13 37 3
2 43 28
1 72
5 77 45 86 5 36
5 34 38 69 51 77
2 57 41
2 42 10
2 3 12
2 24 53
1 9
2 22 86
6 75 66 1 10 13 61
4 27 59 8 12
10 26 3 34 78 12 46 64 67 75 6
5 15 82 42 86 6
2 59 53
4 82 2 48 75
2 65 82
4 10 62 68 78
5 65 12 11 77 6
5 18 47 27 36 69
1 50
7 43 72 54 34 55 2 17
2 79 14
4 89 71 18 12
3 2 49 68
1 56
5 45 19 89 59 80
2 20 28
5 57 15 36 79 47
4 86 49 64 75
4 80 9 17 41
5 80 27 2 4 50
6 34 80 0 43 70 5
4 69 30 60 7
5 65 64 87 44 39
6 83 52 35 10 84 46
4 52 8 0 18
3 51 50 76
5 22 63 3 76 29
4 74 70 36 13
4 59 36 85 62
5 72 60 40 83 57
3 43 19 56
3 73 0 4
6 13 55 80 26 29 41
3 56 66 48
3 85 71 25
3 32 55 78
2 53 3
7 12 49 84 66 76 27 44
7 49 33 31 8 74 72 84
6 25 60 64 89 75 87
3 73 87 27
2 32 39
5 48 34 2 18 73
3 88 54 47
3 38 61 7
4 16 56 36 65
4 58 67 77 69
3 54 9 65
7 3 25 66 6 27 30 44
4 14 53 52 64
6 17 11 33 73 18 12
3 27 62 32
3 81 43 37
8 8 0 47 45 59 46 11 41
2 86 79
4 30 31 5 28
2 50 56
4 64 50 65 12
2 55 61
6 8 44 81 24 17 28
5 2 0 49 67 66
2 70 12
3 38 66 41
2 11 21
1 81
3 16 60 47
5 8 87 65 76 58
3 79 19 81
4 49 17 14 50
5 20 58 66 86 17
2 19 25
5 3 16 72 17 65
2 78 68
2 48 63
7 56 0 89 71 14 26 61
4 60 31 46 83
7 51 16 70 71 61 33 27
3 53 5 11
3 29 43 55
10 78 59 51 36 8 2 55 13 38 41
7 29 6 8 19 26 5 35
5 79 66 30 54 24
5 7 17 4 63 72
4 64 21 6 72
4 20 25 73 0
3 85 87 28
3 83 76 27
8 69 56 57 18 66 55 72 54
5 59 7 21 39 86
4 75 17 81 11
4 48 23 68 13
3 46 84 22
7 44 15 73 77 55 65 17
3 87 18 33
2 12 39
2 63 86
6 46 40 13 30 41 44
4 85 73 65 40
4 17 54 84 47
4 56 51 16 54
1 53
3 16 62 44
2 31 25
3 34 81 33
7 78 59 46 16 73 70 33
2 83 81
3 69 15 62
5 69 29 71 33 38
2 88 86
6 64 12 49 41 33 28
3 60 35 2
5 78 53 49 27 10
4 54 46 48 5
3 72 5 74
9 13 74 16 89 87 82 61 36 58
2 54 68
4 14 66 48 37
6 49 36 52 18 35 24
5 29 15 16 24 83
5 24 86 76 11 36
3 89 58 24
6 57 51 6 3 89 62
5 69 89 41 16 25
4 12 47 67 2
4 51 83 13 11
4 43 38 65 58
3 10 19 32
2 46 20
5 29 3 8 34 62
4 53 6 18 24
2 60 77
5 78 88 52 9 27
6 59 24 43 44 76 72
4 86 71 13 41
5 77 70 11 13 44
6 69 20 8 19 24 50
4 29 21 34 41
2 51 50
1 26
4 69 56 3 23
3 29 71 67
6 41 16 68 82 48 9
2 4 18
1 83
5 1 26 40 42 4
2 78 51
6 12 80 55 42 23 61
2 35 28
2 34 22
6 56 6 45 25 70 32
4 51 3 30 22
2 45 68
5 59 57 51 11 58
